vector_id,pixel_x,pixel_y,latitude,longitude,magnitude,alpha_deg
0,0,992,36.504607,6.500736,10.387205,-15.74
1,52,991,36.512337,7.100364,10.521050,-13.76
2,104,991,36.516202,7.700108,8.181283,-19.65
3,155,991,36.516202,8.299891,9.379501,-12.32
4,207,991,36.512337,8.899635,7.358685,-0.80
5,259,992,36.504607,9.499263,6.290889,1.84
6,51,949,36.994759,7.093092,10.318443,-11.18
7,103,949,36.998662,7.697684,9.519165,-16.31
8,156,949,36.998662,8.302315,8.869147,-2.88
9,208,949,36.994759,8.906907,7.490589,6.60
10,260,950,36.986953,9.511380,4.926524,0.50
11,312,951,36.975246,10.115655,5.727067,30.93
12,364,952,36.959642,10.719655,4.284695,9.08
13,416,954,36.940143,11.323300,3.984102,-21.09
14,468,956,36.916755,11.926512,4.266788,-20.00
15,520,958,36.889483,12.529213,4.538503,-10.16
16,572,961,36.858333,13.131326,2.866946,-55.27
17,624,964,36.823313,13.732773,2.304770,-19.29
18,676,967,36.784431,14.333479,3.516737,83.98
19,728,971,36.741697,14.933367,5.819855,88.83
20,780,975,36.695120,15.532361,6.359516,90.93
21,831,980,36.644711,16.130388,4.593096,98.77
22,883,984,36.590482,16.727372,5.601758,102.82
23,934,989,36.532447,17.323242,4.672856,113.37
24,51,908,37.478018,7.085702,10.273120,-7.21
25,103,907,37.481960,7.695220,8.435597,-6.26
26,156,907,37.481960,8.304779,7.596405,3.81
27,208,908,37.478018,8.914297,6.552184,16.76
28,261,908,37.470135,9.523694,5.568615,22.01
29,314,909,37.458313,10.132888,5.318686,27.83
30,366,911,37.442554,10.741800,4.274405,14.71
31,419,912,37.422863,11.350348,5.101833,-23.57
32,471,914,37.399244,11.958453,3.767222,-12.68
33,524,917,37.371703,12.566034,3.915758,5.46
34,576,919,37.340247,13.173013,1.814159,-50.22
35,628,923,37.304882,13.779310,1.950737,48.77
36,681,926,37.265618,14.384847,3.748482,90.51
37,733,930,37.222464,14.989545,5.857569,86.25
38,785,934,37.175430,15.593329,7.798450,88.62
39,837,938,37.124526,16.196122,5.724068,93.54
40,889,943,37.069766,16.797847,6.101884,101.62
41,941,948,37.011162,17.398431,5.244514,106.54
42,992,953,36.948729,17.997799,4.783975,116.65
43,50,866,37.962086,7.078190,9.710483,1.81
44,103,865,37.966067,7.692716,8.900422,4.61
45,156,865,37.966067,8.307283,7.489265,9.56
46,209,866,37.962087,8.921809,6.254301,22.60
47,262,866,37.954126,9.536210,5.804912,32.46
48,315,868,37.942187,10.150404,5.461519,38.04
49,368,869,37.926273,10.764308,3.543710,18.73
50,421,871,37.906387,11.377840,4.777375,-13.36
51,474,873,37.882536,11.990917,3.249494,6.11
52,527,875,37.854723,12.603458,4.201700,24.33
53,580,878,37.822957,13.215381,1.366310,7.36
54,632,881,37.787244,13.826606,3.429369,53.57
55,685,884,37.747593,14.437052,4.594215,111.92
56,738,888,37.704015,15.046639,4.289403,89.71
57,790,892,37.656518,15.655289,7.777829,92.60
58,843,897,37.605115,16.262924,6.098139,85.87
59,895,901,37.549818,16.869465,6.161907,89.28
60,947,906,37.490640,17.474836,6.342884,98.88
61,999,912,37.427595,18.078962,5.941083,117.05
62,49,824,38.446939,7.070554,9.510631,7.59
63,103,824,38.450959,7.690170,8.086843,15.24
64,156,824,38.450959,8.309829,7.237391,26.89
65,210,824,38.446939,8.929445,6.624437,21.52
66,263,825,38.438899,9.548934,6.613310,36.91
67,317,826,38.426842,10.168210,5.536284,46.44
68,370,827,38.410771,10.787189,4.241617,15.93
69,423,829,38.390689,11.405787,4.708263,-2.53
70,477,831,38.366602,12.023918,3.841532,22.45
71,530,833,38.338515,12.641500,3.764088,34.39
72,583,836,38.306435,13.258449,1.584053,38.21
73,637,839,38.270370,13.874681,3.238875,57.12
74,690,843,38.230329,14.490116,3.879011,71.07
75,743,846,38.186321,15.104671,4.048527,101.16
76,796,851,38.138358,15.718265,8.325547,94.73
77,848,855,38.086450,16.330818,8.370271,83.94
78,901,860,38.030610,16.942252,7.484333,86.00
79,954,865,37.970852,17.552486,7.442047,96.04
80,1006,871,37.907190,18.161445,5.442634,102.30
81,49,782,38.932547,7.062790,10.350535,14.10
82,102,782,38.936607,7.687582,8.600539,18.34
83,156,782,38.936607,8.312417,7.562368,28.45
84,210,782,38.932547,8.937209,7.904818,29.84
85,264,783,38.924428,9.561870,7.576130,32.56
86,318,784,38.912252,10.186313,6.846509,39.08
87,372,785,38.896022,10.810452,5.797688,25.21
88,426,787,38.875741,11.434199,4.641280,12.19
89,480,789,38.851416,12.057469,4.805602,41.87
90,533,791,38.823051,12.680175,4.381195,40.83
91,587,794,38.790655,13.302232,4.315402,39.52
92,641,797,38.754234,13.923555,2.619140,45.33
93,694,801,38.713798,14.544060,4.721240,53.62
94,748,805,38.669357,15.163663,4.929671,86.84
95,801,809,38.620921,15.782282,7.984274,81.14
96,854,813,38.568503,16.399834,9.115219,77.63
97,908,818,38.512115,17.016237,8.929812,83.07
98,961,824,38.451770,17.631413,8.340748,86.32
99,1014,829,38.387484,18.245281,6.294352,91.07
100,48,740,39.418884,7.054895,10.230002,21.81
101,102,740,39.422985,7.684950,9.694864,31.87
102,157,740,39.422985,8.315049,9.065945,45.72
103,211,740,39.418884,8.945104,8.606944,27.88
104,265,741,39.410685,9.575024,7.249246,27.31
105,320,742,39.398388,10.204721,7.506327,40.71
106,374,743,39.381997,10.834106,5.397775,20.64
107,428,745,39.361516,11.463089,5.769075,41.38
108,483,747,39.336950,12.091583,5.634171,48.15
109,537,750,39.308305,12.719499,5.111475,41.97
110,591,752,39.275588,13.346749,4.838120,46.53
111,645,756,39.238808,13.973247,4.173738,34.49
112,699,759,39.197973,14.598906,5.074842,70.72
113,753,763,39.153093,15.223640,5.627247,74.01
114,807,767,39.104181,15.847365,6.154244,77.28
115,861,772,39.051246,16.469997,4.943119,86.69
116,914,777,38.994304,17.091452,10.402591,75.34
117,968,782,38.933366,17.711647,8.761152,81.56
118,1021,788,38.868450,18.330503,7.044320,89.71
119,47,698,39.905922,7.046866,10.733809,31.66
120,102,698,39.910063,7.682273,11.143778,30.29
121,157,698,39.910063,8.317726,9.360670,38.33
122,212,698,39.905922,8.953133,9.576375,43.43
123,267,699,39.897641,9.588402,8.690529,26.13
124,321,700,39.885223,10.223442,8.348314,50.46
125,376,701,39.868669,10.858161,4.773660,32.26
126,431,703,39.847985,11.492469,5.576758,44.65
127,486,705,39.823176,12.126275,6.618447,55.83
128,540,708,39.794247,12.759488,5.906713,39.39
129,595,711,39.761207,13.392019,5.564819,46.53
130,649,714,39.724063,14.023777,4.837405,51.53
131,704,717,39.682824,14.654676,5.184084,63.32
132,758,721,39.637502,15.284627,6.098017,74.33
133,812,725,39.588107,15.913542,7.017710,62.07
134,867,730,39.534651,16.541337,7.392531,64.80
135,921,735,39.477148,17.167925,9.669299,76.92
136,975,740,39.415612,17.793222,9.116749,81.19
137,1029,746,39.350057,18.417146,7.730490,89.22
138,46,656,40.393632,7.038700,12.987394,31.20
139,102,656,40.397814,7.679551,11.495406,25.86
140,157,656,40.397814,8.320448,10.713293,39.08
141,212,656,40.393632,8.961299,11.891051,48.10
142,268,657,40.385269,9.602008,10.743307,31.46
143,323,658,40.372727,10.242483,7.292225,52.08
144,378,659,40.356009,10.882628,5.075275,29.63
145,433,661,40.335120,11.522352,5.622005,49.73
146,489,663,40.310065,12.161560,8.207548,53.48
147,544,666,40.280850,12.800160,6.981496,35.20
148,599,669,40.247482,13.438060,5.353294,43.27
149,654,672,40.209970,14.075169,5.816613,48.48
150,709,675,40.168324,14.711395,7.592957,60.92
151,764,679,40.122554,15.346649,7.065385,65.42
152,818,684,40.072671,15.980841,9.836342,49.74
153,873,688,40.018688,16.613884,9.530622,64.29
154,927,693,39.960618,17.245689,8.411798,76.86
155,982,699,39.898477,17.876171,9.059755,81.93
156,46,614,40.881986,7.030393,12.829832,28.36
157,102,613,40.886209,7.676781,12.885257,38.72
158,157,613,40.886209,8.323218,12.189947,38.72
159,213,614,40.881986,8.969606,11.120972,39.39
160,269,615,40.873539,9.615850,8.222662,29.41
161,325,616,40.860873,10.261853,7.314985,43.55
162,380,617,40.843989,10.907518,5.033568,53.09
163,436,619,40.822892,11.552749,5.153371,47.30
164,492,621,40.797588,12.197453,6.847954,45.16
165,547,624,40.768083,12.841532,7.080437,35.95
166,603,627,40.734384,13.484893,6.568889,37.20
167,658,630,40.696501,14.127442,7.081612,52.18
168,714,633,40.654442,14.769086,8.100874,55.82
169,769,637,40.608219,15.409732,9.828745,50.75
170,824,642,40.557843,16.049290,11.705017,46.63
171,879,646,40.503328,16.687668,8.207438,66.60
172,934,652,40.444685,17.324777,8.947781,73.99
173,989,657,40.381932,17.960528,10.631272,81.92
174,45,572,41.370953,7.021940,10.987613,10.11
175,101,571,41.375219,7.673963,14.539251,43.30
176,158,571,41.375219,8.326036,13.075608,42.53
177,214,572,41.370953,8.978059,9.471467,29.46
178,270,572,41.362423,9.629933,10.795608,33.28
179,326,573,41.349630,10.281560,9.571156,44.11
180,383,575,41.332578,10.932840,5.915961,49.32
181,439,577,41.311272,11.583676,4.978102,43.58
182,495,579,41.285716,12.233969,7.645411,42.98
183,551,582,41.255918,12.883622,7.126994,44.71
184,607,584,41.221885,13.532538,6.944956,37.31
185,663,588,41.183626,14.180621,9.116172,48.06
186,719,591,41.141150,14.827775,11.109406,41.31
187,775,595,41.094469,15.473905,11.912602,44.59
188,830,600,41.043595,16.118918,9.277786,42.60
189,886,605,40.988540,16.762721,10.370634,64.91
190,941,610,40.929319,17.405222,10.856173,83.64
191,997,615,40.865946,18.046331,12.106431,84.10
192,44,529,41.860505,7.013339,6.813777,15.06
193,101,529,41.864814,7.671096,12.106665,46.43
194,158,529,41.864814,8.328903,11.121950,46.74
195,215,529,41.860505,8.986660,11.880589,47.97
196,271,530,41.851890,9.644264,11.536263,40.59
197,328,531,41.838970,10.301613,9.698067,60.05
198,385,533,41.821748,10.958608,7.237113,56.23
199,441,535,41.800229,11.615145,6.169740,68.80
200,498,537,41.774419,12.271126,6.877045,54.06
201,555,539,41.744325,12.926450,7.861145,56.34
202,611,542,41.709953,13.581017,7.521451,51.96
203,668,546,41.671314,14.234729,12.543794,41.17
204,724,549,41.628417,14.887487,13.505827,37.27
205,780,553,41.581273,15.539195,10.087920,50.73
206,836,558,41.529895,16.189756,7.576936,53.22
207,892,563,41.474295,16.839076,8.726029,79.77
208,948,568,41.414489,17.487060,9.545295,77.68
209,1004,573,41.350490,18.133615,11.282816,78.74
210,44,487,42.350612,7.004586,3.672612,57.63
211,101,487,42.354963,7.668177,6.174635,41.17
212,158,487,42.354963,8.331821,11.582630,45.48
213,215,487,42.350612,8.995413,8.032371,46.55
214,273,488,42.341910,9.658848,9.362217,53.84
215,330,489,42.328861,10.322022,8.201568,50.11
216,387,490,42.311468,10.984832,8.625177,74.15
217,444,492,42.289734,11.647172,7.465163,72.95
218,501,495,42.263667,12.308940,7.315825,63.67
219,558,497,42.233272,12.970034,7.645341,59.83
220,615,500,42.198559,13.630351,7.771595,33.85
221,672,504,42.159535,14.289790,2.595765,-104.39
222,729,507,42.116212,14.948250,9.677578,36.96
223,786,511,42.068600,15.605632,8.074553,57.11
224,843,516,42.016712,16.261837,7.121684,68.42
225,899,521,41.960561,16.916767,9.926297,85.30
226,955,526,41.900163,17.570326,10.943934,79.94
227,1012,531,41.835532,18.222419,10.541216,84.89
228,43,445,42.841242,6.995675,2.222389,-33.37
229,101,444,42.845637,7.665207,3.071589,22.28
230,158,444,42.845637,8.334792,8.188800,40.74
231,216,445,42.841242,9.004324,8.893399,43.73
232,274,445,42.832453,9.673694,6.326705,54.02
233,332,447,42.819274,10.342797,8.374667,71.77
234,389,448,42.801707,11.011524,9.519667,75.59
235,447,450,42.779756,11.679771,10.123647,67.10
236,505,452,42.753429,12.347429,9.496140,63.82
237,562,455,42.722731,13.014395,10.338279,53.50
238,620,458,42.687671,13.680564,8.729117,34.22
239,677,461,42.648259,14.345830,6.639001,32.60
240,734,465,42.604504,15.010092,3.124528,-6.24
241,792,469,42.556419,15.673246,7.893593,63.60
242,849,474,42.504015,16.335192,8.685097,81.39
243,906,479,42.447308,16.995829,9.163863,82.63
244,963,484,42.386311,17.655059,11.510085,92.24
245,1020,490,42.321041,18.312784,10.795608,91.95
246,42,402,43.332365,6.986604,4.343710,1.43
247,100,402,43.336804,7.662183,4.611422,25.09
248,159,402,43.336804,8.337816,7.208992,40.66
249,217,402,43.332365,9.013395,7.402192,40.60
250,275,403,43.323489,9.688808,8.878947,44.66
251,333,404,43.310177,10.363946,9.077724,64.47
252,392,406,43.292434,11.038698,9.715303,64.90
253,450,408,43.270264,11.712957,10.312390,58.70
254,508,410,43.243673,12.386611,10.849003,54.67
255,566,413,43.212669,13.059554,13.186462,44.36
256,624,416,43.177259,13.731678,7.197705,31.75
257,682,419,43.137453,14.402875,5.973379,18.97
258,740,423,43.093262,15.073041,5.430884,46.81
259,798,427,43.044698,15.742069,8.312366,78.28
260,855,432,42.991774,16.409856,8.544299,84.72
261,913,437,42.934503,17.076299,11.665879,95.77
262,970,442,42.872901,17.741297,13.433231,96.50
263,1027,448,42.806984,18.404750,12.728048,90.34
264,41,360,43.823949,6.977368,2.411721,31.77
265,100,359,43.828433,7.659103,5.598258,20.44
266,159,359,43.828433,8.340896,10.264363,48.08
267,218,360,43.823949,9.022631,10.107301,52.03
268,277,361,43.814984,9.704197,9.208678,46.82
269,335,362,43.801539,10.385480,8.966301,54.30
270,394,363,43.783618,11.066367,10.005428,52.79
271,453,365,43.761226,11.746746,11.981673,48.66
272,512,368,43.734369,12.426505,14.353723,50.11
273,570,370,43.703054,13.105533,10.176408,45.26
274,629,373,43.667290,13.783719,11.563662,34.54
275,687,377,43.627087,14.460953,7.104015,36.21
276,745,381,43.582455,15.137127,7.424870,57.95
277,804,385,43.533406,15.812133,9.866192,78.50
278,862,390,43.479955,16.485864,10.767099,86.71
279,920,395,43.422114,17.158215,12.857991,94.43
280,978,400,43.359900,17.829081,14.811652,86.53
281,1036,406,43.293329,18.498361,10.322717,85.32
282,40,317,44.315964,6.967961,3.388526,32.56
283,100,317,44.320492,7.655967,1.751644,78.76
284,159,317,44.320492,8.344032,6.364686,53.95
285,219,317,44.315964,9.032038,7.096052,62.02
286,278,318,44.306908,9.719869,9.943661,79.00
287,337,319,44.293328,10.407410,5.596272,70.19
288,397,321,44.275227,11.094544,13.387551,40.79
289,456,323,44.252610,11.781156,13.618757,40.03
290,515,325,44.225484,12.467130,12.122245,41.59
291,574,328,44.193855,13.152353,11.238859,37.87
292,633,331,44.157733,13.836711,10.291827,33.10
293,692,335,44.117127,14.520091,9.082937,38.65
294,751,338,44.072049,15.202381,7.903100,53.10
295,810,343,44.022511,15.883472,12.785104,74.26
296,869,347,43.968525,16.563252,12.501337,92.38
297,927,352,43.910108,17.241614,16.378185,87.84
298,986,358,43.847275,17.918452,19.225370,74.98
299,40,275,44.808376,6.958380,3.954533,22.19
300,99,275,44.812950,7.652773,1.368396,77.36
301,159,275,44.812950,8.347226,1.998030,78.14
302,219,275,44.808376,9.041619,9.223387,76.54
303,279,276,44.799229,9.735832,7.584167,57.71
304,339,277,44.785512,10.429747,11.056031,47.31
305,399,278,44.767229,11.123243,8.398429,41.52
306,459,280,44.744385,11.816203,7.545029,45.95
307,519,283,44.716986,12.508507,12.754427,37.68
308,578,286,44.685040,13.200039,9.175045,37.26
309,638,289,44.648555,13.890682,8.805346,36.18
310,697,292,44.607542,14.580319,7.895061,28.67
311,757,296,44.562012,15.268837,14.135519,58.83
312,816,300,44.511978,15.956120,18.346769,69.73
313,875,305,44.457454,16.642058,19.046108,69.30
314,934,310,44.398453,17.326539,15.894752,77.81
315,993,316,44.334994,18.009453,18.907246,66.23
316,39,232,45.301153,6.948619,1.552801,56.59
317,99,232,45.305773,7.649519,1.866732,66.98
318,160,232,45.305773,8.350480,1.181159,58.41
319,220,232,45.301153,9.051380,1.949844,36.67
320,281,233,45.291914,9.752095,3.010661,25.50
321,341,234,45.278059,10.452502,5.841554,30.41
322,402,236,45.259591,11.152480,7.774771,40.80
323,462,238,45.236517,11.851905,8.299715,46.72
324,522,240,45.208842,12.550657,7.643215,37.30
325,582,243,45.176574,13.248614,7.262661,44.39
326,643,246,45.139723,13.945657,10.255460,40.71
327,703,250,45.098298,14.641667,9.724847,40.83
328,763,254,45.052311,15.336525,12.412564,46.54
329,823,258,45.001776,16.030115,17.078035,63.02
330,882,263,44.946705,16.722322,16.827215,60.27
331,942,268,44.887115,17.413031,18.323099,54.35
332,1001,274,44.823022,18.102129,13.518604,54.17
333,38,190,45.794262,6.938674,2.187332,133.03
334,99,189,45.798929,7.646203,1.534131,148.78
335,160,189,45.798929,8.353796,1.680243,117.27
336,221,190,45.794262,9.061325,0.624548,146.36
337,282,191,45.784930,9.768664,1.528644,-32.75
338,343,192,45.770934,10.475687,5.645989,6.74
339,404,193,45.752281,11.182268,5.591603,29.42
340,465,195,45.728973,11.888281,8.146306,37.75
341,526,198,45.701019,12.593601,8.610827,43.23
342,587,201,45.668426,13.298104,9.609460,44.00
343,647,204,45.631204,14.001667,9.909126,45.20
344,708,208,45.589362,14.704167,13.590833,35.28
345,769,212,45.542913,15.405482,11.514972,41.20
346,829,216,45.491870,16.105494,15.463826,47.11
347,889,221,45.436247,16.804084,16.741922,44.90
348,949,226,45.376060,17.501133,16.583893,43.03
349,1010,232,45.311326,18.196527,17.516157,40.64
350,37,147,46.287670,6.928539,10.745697,43.33
351,99,147,46.292384,7.642824,2.542118,-151.26
352,160,147,46.292384,8.357175,1.184224,73.94
353,222,147,46.287670,9.071460,1.648313,-176.92
354,284,148,46.278243,9.785550,2.198508,25.70
355,345,149,46.264106,10.499315,2.078633,-1.72
356,407,151,46.245263,11.212625,8.793333,67.76
357,468,153,46.221720,11.925350,1.713768,21.79
358,530,155,46.193484,12.637363,5.599507,25.56
359,591,158,46.160561,13.348535,8.963102,38.83
360,652,161,46.122963,14.058739,11.964767,34.52
361,714,165,46.080699,14.767850,15.805779,26.89
362,775,169,46.033783,15.475744,17.233742,30.24
363,836,174,45.982226,16.182296,15.217025,35.51
364,897,178,45.926044,16.887385,15.821447,40.06
365,957,184,45.865253,17.590891,17.096148,38.90
366,1018,189,45.799870,18.292694,15.555568,42.65
367,36,105,46.781342,6.918208,19.101467,37.92
368,98,104,46.786104,7.639380,7.945516,33.92
369,161,104,46.786104,8.360619,3.216963,68.05
370,223,105,46.781342,9.081791,2.418429,32.03
371,285,105,46.771820,9.802762,3.116089,65.06
372,347,107,46.757540,10.523398,2.416763,91.12
373,409,108,46.738506,11.243565,1.865907,149.27
374,472,110,46.714724,11.963132,2.284795,179.26
375,534,113,46.686201,12.681965,1.178479,50.81
376,596,116,46.652946,13.399932,5.466977,36.44
377,657,119,46.614967,14.116905,9.097563,36.18
378,719,123,46.572277,14.832752,15.501553,25.07
379,781,127,46.524886,15.547347,18.200977,28.20
380,842,131,46.472810,16.260561,18.880705,32.07
381,904,136,46.416062,16.972271,17.399429,35.66
382,965,141,46.354660,17.682351,17.373301,38.06
383,1026,147,46.288621,18.390681,17.436134,36.21
384,35,62,47.275246,6.907676,17.358147,29.20
385,98,62,47.280056,7.635869,19.033627,30.90
386,161,62,47.280056,8.364130,16.769753,36.32
387,224,62,47.275246,9.092323,10.456535,37.82
388,287,63,47.265626,9.820308,1.979174,78.83
389,349,64,47.251201,10.547949,2.128920,69.52
390,412,66,47.231974,11.275108,4.135305,146.24
391,475,68,47.207951,12.001647,3.306520,111.55
392,537,70,47.179138,12.727432,3.689271,52.26
393,600,73,47.145545,13.452326,0.785456,78.19
394,663,77,47.107182,14.176196,1.030575,54.05
395,725,80,47.064059,14.898907,7.003024,27.38
396,787,84,47.016189,15.620330,13.970100,22.26
397,849,89,46.963586,16.340332,17.808254,27.34
398,911,94,46.906266,17.058785,19.243969,32.55
399,973,99,46.844245,17.775563,19.214127,37.61
400,1035,105,46.777541,18.490539,18.535851,35.10
401,34,19,47.769345,6.896937,20.299191,22.42
402,98,19,47.774205,7.632288,20.905952,22.36
403,161,19,47.774205,8.367711,16.532255,26.64
404,225,19,47.769345,9.103062,25.254469,24.76
405,288,20,47.759628,9.838200,17.654638,25.11
406,352,21,47.745056,10.572983,15.070840,19.81
407,415,23,47.725632,11.307269,9.976240,18.84
408,478,25,47.701364,12.040918,7.197934,58.26
409,541,28,47.672259,12.773790,6.844772,63.92
410,605,31,47.638324,13.505744,7.235264,58.18
411,668,34,47.599571,14.236644,4.999674,23.68
412,731,38,47.556010,14.966352,2.061078,144.28
413,794,42,47.507655,15.694733,5.909073,34.72
414,856,47,47.454520,16.421652,2.372117,130.75
415,919,52,47.396620,17.146976,11.540353,39.97
416,981,57,47.333973,17.870576,17.478535,35.31
417,800,0,47.999249,15.770598,4.038822,55.77
418,863,4,47.945575,16.504566,1.590117,15.03
419,927,9,47.887088,17.236892,6.907654,80.20
420,990,15,47.823807,17.967443,9.254682,56.20
