vector_id,pixel_x,pixel_y,latitude,longitude,magnitude,alpha_deg
0,0,992,36.504607,6.500736,10.663512,-57.03
1,52,991,36.512337,7.100364,10.851009,-64.10
2,104,991,36.516202,7.700108,10.699879,-73.64
3,155,991,36.516202,8.299891,11.142026,-74.47
4,207,991,36.512337,8.899635,11.095011,-84.50
5,259,992,36.504607,9.499263,11.556262,-93.69
6,51,949,36.994759,7.093092,9.719508,-54.72
7,103,949,36.998662,7.697684,10.266038,-70.69
8,156,949,36.998662,8.302315,10.854764,-71.34
9,208,949,36.994759,8.906907,10.152122,-73.30
10,260,950,36.986953,9.511380,11.190139,-90.97
11,312,951,36.975246,10.115655,10.594257,-91.45
12,364,952,36.959642,10.719655,8.634906,-85.04
13,416,954,36.940143,11.323300,8.552721,-80.71
14,468,956,36.916755,11.926512,8.929296,-81.00
15,520,958,36.889483,12.529213,7.266306,-71.81
16,572,961,36.858333,13.131326,5.521221,-72.27
17,624,964,36.823313,13.732773,4.940547,-47.62
18,676,967,36.784431,14.333479,1.320347,-18.23
19,728,971,36.741697,14.933367,2.300300,-13.53
20,780,975,36.695120,15.532361,3.050690,16.95
21,831,980,36.644711,16.130388,0.287623,-2.93
22,883,984,36.590482,16.727372,2.137962,-68.22
23,934,989,36.532447,17.323242,2.424730,-58.86
24,51,908,37.478018,7.085702,9.963997,-45.31
25,103,907,37.481960,7.695220,9.492691,-61.14
26,156,907,37.481960,8.304779,10.411772,-67.43
27,208,908,37.478018,8.914297,11.131204,-72.07
28,261,908,37.470135,9.523694,10.975284,-82.44
29,314,909,37.458313,10.132888,10.212179,-89.64
30,366,911,37.442554,10.741800,9.284653,-92.93
31,419,912,37.422863,11.350348,7.448704,-80.06
32,471,914,37.399244,11.958453,8.447884,-73.42
33,524,917,37.371703,12.566034,7.069234,-76.24
34,576,919,37.340247,13.173013,5.175164,-62.05
35,628,923,37.304882,13.779310,1.416387,-83.50
36,681,926,37.265618,14.384847,1.773098,-59.92
37,733,930,37.222464,14.989545,2.324850,-4.84
38,785,934,37.175430,15.593329,4.096666,20.47
39,837,938,37.124526,16.196122,2.316545,0.07
40,889,943,37.069766,16.797847,2.341359,-36.95
41,941,948,37.011162,17.398431,1.402510,-72.15
42,992,953,36.948729,17.997799,0.946678,-47.88
43,50,866,37.962086,7.078190,10.459368,-43.44
44,103,865,37.966067,7.692716,9.607450,-52.01
45,156,865,37.966067,8.307283,9.515629,-61.11
46,209,866,37.962087,8.921809,10.062938,-66.60
47,262,866,37.954126,9.536210,10.292988,-70.56
48,315,868,37.942187,10.150404,9.579235,-80.66
49,368,869,37.926273,10.764308,9.319878,-87.07
50,421,871,37.906387,11.377840,8.646754,-83.15
51,474,873,37.882536,11.990917,7.292834,-68.31
52,527,875,37.854723,12.603458,7.953705,-71.75
53,580,878,37.822957,13.215381,5.552024,-68.54
54,632,881,37.787244,13.826606,2.777739,-60.56
55,685,884,37.747593,14.437052,2.776472,-41.05
56,738,888,37.704015,15.046639,2.641358,9.94
57,790,892,37.656518,15.655289,3.582015,7.31
58,843,897,37.605115,16.262924,3.462740,-3.25
59,895,901,37.549818,16.869465,2.982680,-10.39
60,947,906,37.490640,17.474836,1.947903,-20.52
61,999,912,37.427595,18.078962,0.751393,-30.03
62,49,824,38.446939,7.070554,9.983006,-35.91
63,103,824,38.450959,7.690170,9.205819,-44.65
64,156,824,38.450959,8.309829,8.722546,-57.93
65,210,824,38.446939,8.929445,8.414168,-58.28
66,263,825,38.438899,9.548934,9.149085,-58.79
67,317,826,38.426842,10.168210,9.058620,-67.78
68,370,827,38.410771,10.787189,9.194511,-71.70
69,423,829,38.390689,11.405787,9.003594,-82.61
70,477,831,38.366602,12.023918,8.167328,-76.29
71,530,833,38.338515,12.641500,7.036284,-61.75
72,583,836,38.306435,13.258449,6.060827,-67.53
73,637,839,38.270370,13.874681,4.507352,-56.46
74,690,843,38.230329,14.490116,3.881632,-45.01
75,743,846,38.186321,15.104671,3.489882,-13.41
76,796,851,38.138358,15.718265,3.828385,-3.20
77,848,855,38.086450,16.330818,3.187888,0.72
78,901,860,38.030610,16.942252,4.353420,3.38
79,954,865,37.970852,17.552486,2.516037,-8.19
80,1006,871,37.907190,18.161445,2.089919,13.59
81,49,782,38.932547,7.062790,9.771580,-29.95
82,102,782,38.936607,7.687582,8.788154,-45.85
83,156,782,38.936607,8.312417,9.974755,-47.50
84,210,782,38.932547,8.937209,7.972451,-48.21
85,264,783,38.924428,9.561870,8.850267,-53.76
86,318,784,38.912252,10.186313,8.945696,-58.94
87,372,785,38.896022,10.810452,9.347730,-55.84
88,426,787,38.875741,11.434199,8.223522,-72.96
89,480,789,38.851416,12.057469,8.104667,-75.95
90,533,791,38.823051,12.680175,6.948809,-65.89
91,587,794,38.790655,13.302232,6.503930,-53.66
92,641,797,38.754234,13.923555,5.355106,-61.72
93,694,801,38.713798,14.544060,4.463288,-44.42
94,748,805,38.669357,15.163663,4.267657,-33.64
95,801,809,38.620921,15.782282,4.473937,-15.43
96,854,813,38.568503,16.399834,4.317940,-2.84
97,908,818,38.512115,17.016237,3.696473,-1.35
98,961,824,38.451770,17.631413,3.283417,0.39
99,1014,829,38.387484,18.245281,2.829628,4.10
100,48,740,39.418884,7.054895,9.506602,-28.49
101,102,740,39.422985,7.684950,9.252295,-36.84
102,157,740,39.422985,8.315049,9.322611,-38.04
103,211,740,39.418884,8.945104,7.946283,-45.37
104,265,741,39.410685,9.575024,8.141953,-49.58
105,320,742,39.398388,10.204721,8.877910,-51.04
106,374,743,39.381997,10.834106,8.742491,-50.45
107,428,745,39.361516,11.463089,8.715786,-51.79
108,483,747,39.336950,12.091583,7.470974,-65.42
109,537,750,39.308305,12.719499,6.618788,-67.75
110,591,752,39.275588,13.346749,6.532034,-59.67
111,645,756,39.238808,13.973247,5.240241,-50.54
112,699,759,39.197973,14.598906,4.813303,-40.75
113,753,763,39.153093,15.223640,4.214189,-26.43
114,807,767,39.104181,15.847365,4.840067,-13.36
115,861,772,39.051246,16.469997,4.836658,0.89
116,914,777,38.994304,17.091452,4.097826,3.07
117,968,782,38.933366,17.711647,4.634724,-9.84
118,1021,788,38.868450,18.330503,4.409357,1.23
119,47,698,39.905922,7.046866,8.813353,-32.06
120,102,698,39.910063,7.682273,8.808176,-32.79
121,157,698,39.910063,8.317726,8.916621,-38.03
122,212,698,39.905922,8.953133,8.663485,-41.54
123,267,699,39.897641,9.588402,7.913918,-46.75
124,321,700,39.885223,10.223442,8.091199,-41.03
125,376,701,39.868669,10.858161,8.307840,-42.06
126,431,703,39.847985,11.492469,9.415117,-40.87
127,486,705,39.823176,12.126275,7.669291,-50.61
128,540,708,39.794247,12.759488,6.356972,-50.12
129,595,711,39.761207,13.392019,5.591816,-52.01
130,649,714,39.724063,14.023777,5.064651,-41.83
131,704,717,39.682824,14.654676,4.832587,-34.87
132,758,721,39.637502,15.284627,5.312957,-23.63
133,812,725,39.588107,15.913542,4.171029,-8.69
134,867,730,39.534651,16.541337,4.055228,6.71
135,921,735,39.477148,17.167925,5.718260,-14.61
136,975,740,39.415612,17.793222,7.154580,-17.63
137,1029,746,39.350057,18.417146,7.026643,-10.35
138,46,656,40.393632,7.038700,8.691360,-29.11
139,102,656,40.397814,7.679551,8.497644,-30.67
140,157,656,40.397814,8.320448,8.261378,-35.72
141,212,656,40.393632,8.961299,7.984826,-41.01
142,268,657,40.385269,9.602008,8.308928,-39.91
143,323,658,40.372727,10.242483,8.180631,-37.56
144,378,659,40.356009,10.882628,8.207552,-37.25
145,433,661,40.335120,11.522352,8.803828,-34.78
146,489,663,40.310065,12.161560,7.311314,-34.28
147,544,666,40.280850,12.800160,7.138013,-40.96
148,599,669,40.247482,13.438060,5.934957,-42.03
149,654,672,40.209970,14.075169,4.966966,-30.10
150,709,675,40.168324,14.711395,4.585126,-37.64
151,764,679,40.122554,15.346649,4.856089,-22.98
152,818,684,40.072671,15.980841,5.202036,-0.96
153,873,688,40.018688,16.613884,6.052926,-5.45
154,927,693,39.960618,17.245689,7.454380,-1.64
155,982,699,39.898477,17.876171,7.930127,-7.44
156,46,614,40.881986,7.030393,8.722125,-26.57
157,102,613,40.886209,7.676781,9.471233,-29.10
158,157,613,40.886209,8.323218,8.215689,-26.94
159,213,614,40.881986,8.969606,7.791410,-33.01
160,269,615,40.873539,9.615850,8.557079,-34.47
161,325,616,40.860873,10.261853,8.681749,-36.52
162,380,617,40.843989,10.907518,8.435675,-38.57
163,436,619,40.822892,11.552749,8.359789,-31.82
164,492,621,40.797588,12.197453,7.421481,-22.00
165,547,624,40.768083,12.841532,7.107279,-32.26
166,603,627,40.734384,13.484893,4.896070,-28.64
167,658,630,40.696501,14.127442,4.271999,-26.05
168,714,633,40.654442,14.769086,4.785388,-18.01
169,769,637,40.608219,15.409732,4.936380,-12.44
170,824,642,40.557843,16.049290,6.515084,-6.83
171,879,646,40.503328,16.687668,7.480535,-9.72
172,934,652,40.444685,17.324777,8.860815,-14.51
173,989,657,40.381932,17.960528,9.837811,-17.42
174,45,572,41.370953,7.021940,9.722816,-22.38
175,101,571,41.375219,7.673963,10.565965,-29.51
176,158,571,41.375219,8.326036,9.305519,-20.69
177,214,572,41.370953,8.978059,8.576669,-25.57
178,270,572,41.362423,9.629933,8.734094,-33.38
179,326,573,41.349630,10.281560,7.608182,-43.34
180,383,575,41.332578,10.932840,8.492103,-43.42
181,439,577,41.311272,11.583676,8.314758,-35.31
182,495,579,41.285716,12.233969,7.600809,-24.58
183,551,582,41.255918,12.883622,5.853675,-27.97
184,607,584,41.221885,13.532538,6.202157,-20.26
185,663,588,41.183626,14.180621,4.786970,-21.46
186,719,591,41.141150,14.827775,4.838991,-10.50
187,775,595,41.094469,15.473905,4.970778,-11.71
188,830,600,41.043595,16.118918,5.689450,-5.80
189,886,605,40.988540,16.762721,5.545882,-8.39
190,941,610,40.929319,17.405222,6.333018,-14.86
191,997,615,40.865946,18.046331,7.237600,-24.31
192,44,529,41.860505,7.013339,11.251188,-14.50
193,101,529,41.864814,7.671096,10.847437,-22.31
194,158,529,41.864814,8.328903,10.410756,-20.52
195,215,529,41.860505,8.986660,9.786303,-19.74
196,271,530,41.851890,9.644264,8.925607,-27.35
197,328,531,41.838970,10.301613,7.870188,-32.64
198,385,533,41.821748,10.958608,8.784095,-36.03
199,441,535,41.800229,11.615145,7.877505,-44.39
200,498,537,41.774419,12.271126,7.723483,-30.19
201,555,539,41.744325,12.926450,6.877170,-25.35
202,611,542,41.709953,13.581017,6.223749,-18.60
203,668,546,41.671314,14.234729,5.983030,-11.29
204,724,549,41.628417,14.887487,5.338081,-5.60
205,780,553,41.581273,15.539195,5.588238,-13.24
206,836,558,41.529895,16.189756,5.324717,-3.86
207,892,563,41.474295,16.839076,5.951480,-6.42
208,948,568,41.414489,17.487060,6.734295,-10.96
209,1004,573,41.350490,18.133615,5.908476,-14.33
210,44,487,42.350612,7.004586,15.664602,0.41
211,101,487,42.354963,7.668177,12.401867,-5.25
212,158,487,42.354963,8.331821,11.925730,-15.46
213,215,487,42.350612,8.995413,11.693257,-8.70
214,273,488,42.341910,9.658848,10.460406,-20.73
215,330,489,42.328861,10.322022,9.078693,-34.84
216,387,490,42.311468,10.984832,9.254772,-43.41
217,444,492,42.289734,11.647172,8.117514,-40.38
218,501,495,42.263667,12.308940,7.954169,-35.39
219,558,497,42.233272,12.970034,7.637063,-24.00
220,615,500,42.198559,13.630351,7.887597,-13.37
221,672,504,42.159535,14.289790,7.157745,-2.57
222,729,507,42.116212,14.948250,5.846865,-5.65
223,786,511,42.068600,15.605632,5.771489,-10.44
224,843,516,42.016712,16.261837,5.959826,-9.21
225,899,521,41.960561,16.916767,7.136381,-5.49
226,955,526,41.900163,17.570326,7.404721,-5.29
227,1012,531,41.835532,18.222419,6.936480,-2.51
228,43,445,42.841242,6.995675,15.547263,-8.82
229,101,444,42.845637,7.665207,13.982560,0.01
230,158,444,42.845637,8.334792,12.722130,-15.82
231,216,445,42.841242,9.004324,12.550689,-6.85
232,274,445,42.832453,9.673694,12.211241,-14.39
233,332,447,42.819274,10.342797,10.463202,-25.03
234,389,448,42.801707,11.011524,9.743768,-36.66
235,447,450,42.779756,11.679771,8.512932,-33.06
236,505,452,42.753429,12.347429,7.573405,-29.43
237,562,455,42.722731,13.014395,8.401275,-19.33
238,620,458,42.687671,13.680564,8.947264,-12.46
239,677,461,42.648259,14.345830,7.752707,-5.20
240,734,465,42.604504,15.010092,7.076447,1.94
241,792,469,42.556419,15.673246,6.402873,-3.52
242,849,474,42.504015,16.335192,6.385328,-3.53
243,906,479,42.447308,16.995829,7.422711,-4.02
244,963,484,42.386311,17.655059,8.143437,-2.91
245,1020,490,42.321041,18.312784,8.435969,-0.47
246,42,402,43.332365,6.986604,15.673406,-3.23
247,100,402,43.336804,7.662183,13.968054,-0.73
248,159,402,43.336804,8.337816,14.224548,-6.78
249,217,402,43.332365,9.013395,12.788764,-3.72
250,275,403,43.323489,9.688808,11.577784,-15.10
251,333,404,43.310177,10.363946,10.689392,-12.98
252,392,406,43.292434,11.038698,10.053876,-36.76
253,450,408,43.270264,11.712957,10.699171,-36.84
254,508,410,43.243673,12.386611,8.855692,-23.56
255,566,413,43.212669,13.059554,8.470098,-16.59
256,624,416,43.177259,13.731678,9.340179,-8.22
257,682,419,43.137453,14.402875,9.164887,0.70
258,740,423,43.093262,15.073041,9.056028,3.69
259,798,427,43.044698,15.742069,8.176208,-4.54
260,855,432,42.991774,16.409856,7.832648,-7.27
261,913,437,42.934503,17.076299,8.082440,-6.92
262,970,442,42.872901,17.741297,7.572720,-7.94
263,1027,448,42.806984,18.404750,7.446096,-15.76
264,41,360,43.823949,6.977368,15.984365,1.24
265,100,359,43.828433,7.659103,14.280569,-3.62
266,159,359,43.828433,8.340896,14.561202,3.29
267,218,360,43.823949,9.022631,12.988248,1.37
268,277,361,43.814984,9.704197,13.072563,-6.65
269,335,362,43.801539,10.385480,11.059046,-15.24
270,394,363,43.783618,11.066367,9.726997,-23.65
271,453,365,43.761226,11.746746,9.953867,-42.34
272,512,368,43.734369,12.426505,9.095701,-23.52
273,570,370,43.703054,13.105533,9.008378,-11.91
274,629,373,43.667290,13.783719,9.716004,-9.73
275,687,377,43.627087,14.460953,10.517772,3.67
276,745,381,43.582455,15.137127,10.612661,1.78
277,804,385,43.533406,15.812133,9.832941,-1.35
278,862,390,43.479955,16.485864,9.179832,-4.73
279,920,395,43.422114,17.158215,9.079824,-6.49
280,978,400,43.359900,17.829081,8.124735,-7.52
281,1036,406,43.293329,18.498361,7.882359,-5.37
282,40,317,44.315964,6.967961,15.332332,-2.76
283,100,317,44.320492,7.655967,15.063753,-4.67
284,159,317,44.320492,8.344032,12.970131,6.42
285,219,317,44.315964,9.032038,13.228651,-1.71
286,278,318,44.306908,9.719869,12.044482,-7.06
287,337,319,44.293328,10.407410,10.713045,-12.35
288,397,321,44.275227,11.094544,11.908189,-13.60
289,456,323,44.252610,11.781156,11.720870,-15.91
290,515,325,44.225484,12.467130,12.144413,-33.20
291,574,328,44.193855,13.152353,9.859311,-4.40
292,633,331,44.157733,13.836711,10.160557,-4.37
293,692,335,44.117127,14.520091,11.914082,3.59
294,751,338,44.072049,15.202381,12.002392,2.95
295,810,343,44.022511,15.883472,11.098936,-0.82
296,869,347,43.968525,16.563252,10.149369,-3.45
297,927,352,43.910108,17.241614,10.519222,-2.14
298,986,358,43.847275,17.918452,9.146791,-3.15
299,40,275,44.808376,6.958380,14.735982,-4.92
300,99,275,44.812950,7.652773,15.133109,1.86
301,159,275,44.812950,8.347226,14.759798,7.97
302,219,275,44.808376,9.041619,14.238941,3.94
303,279,276,44.799229,9.735832,13.356138,-1.77
304,339,277,44.785512,10.429747,13.109838,-10.16
305,399,278,44.767229,11.123243,13.000134,-16.80
306,459,280,44.744385,11.816203,11.335823,-12.51
307,519,283,44.716986,12.508507,10.771006,-31.22
308,578,286,44.685040,13.200039,12.585027,-28.29
309,638,289,44.648555,13.890682,12.515553,-1.72
310,697,292,44.607542,14.580319,12.824739,3.90
311,757,296,44.562012,15.268837,12.658844,1.82
312,816,300,44.511978,15.956120,12.658844,1.82
313,875,305,44.457454,16.642058,12.447289,-0.98
314,934,310,44.398453,17.326539,10.687488,-1.05
315,993,316,44.334994,18.009453,9.643595,-1.81
316,39,232,45.301153,6.948619,16.584196,-0.17
317,99,232,45.305773,7.649519,15.681927,0.94
318,160,232,45.305773,8.350480,15.665396,4.58
319,220,232,45.301153,9.051380,15.504370,8.60
320,281,233,45.291914,9.752095,14.539728,-1.06
321,341,234,45.278059,10.452502,13.987476,-8.76
322,402,236,45.259591,11.152480,13.908471,-15.83
323,462,238,45.236517,11.851905,12.416636,-15.70
324,522,240,45.208842,12.550657,13.211625,-18.99
325,582,243,45.176574,13.248614,13.352728,-21.43
326,643,246,45.139723,13.945657,15.155693,-21.25
327,703,250,45.098298,14.641667,14.107100,-2.48
328,763,254,45.052311,15.336525,14.253624,6.06
329,823,258,45.001776,16.030115,14.123482,5.96
330,882,263,44.946705,16.722322,13.368823,-1.30
331,942,268,44.887115,17.413031,12.361040,2.45
332,1001,274,44.823022,18.102129,10.417850,3.30
333,38,190,45.794262,6.938674,15.253116,-0.66
334,99,189,45.798929,7.646203,16.394543,-4.42
335,160,189,45.798929,8.353796,17.220785,1.21
336,221,190,45.794262,9.061325,17.998369,1.22
337,282,191,45.784930,9.768664,16.637247,1.57
338,343,192,45.770934,10.475687,16.098278,-7.80
339,404,193,45.752281,11.182268,13.836836,-16.46
340,465,195,45.728973,11.888281,13.590537,-18.05
341,526,198,45.701019,12.593601,13.153629,-18.25
342,587,201,45.668426,13.298104,13.350631,-15.62
343,647,204,45.631204,14.001667,14.517928,-17.37
344,708,208,45.589362,14.704167,15.946157,-11.96
345,769,212,45.542913,15.405482,14.762475,8.46
346,829,216,45.491870,16.105494,14.366097,8.99
347,889,221,45.436247,16.804084,14.190974,3.89
348,949,226,45.376060,17.501133,13.874594,4.05
349,1010,232,45.311326,18.196527,12.454538,10.64
350,37,147,46.287670,6.928539,15.224981,-1.62
351,99,147,46.292384,7.642824,18.084637,-2.11
352,160,147,46.292384,8.357175,16.021935,3.25
353,222,147,46.287670,9.071460,16.142632,-3.78
354,284,148,46.278243,9.785550,15.869328,0.14
355,345,149,46.264106,10.499315,15.521054,-7.76
356,407,151,46.245263,11.212625,15.583550,-13.20
357,468,153,46.221720,11.925350,14.553339,-13.64
358,530,155,46.193484,12.637363,13.835677,-17.79
359,591,158,46.160561,13.348535,13.555525,-17.37
360,652,161,46.122963,14.058739,13.154315,-24.16
361,714,165,46.080699,14.767850,15.741688,-14.56
362,775,169,46.033783,15.475744,15.883819,5.04
363,836,174,45.982226,16.182296,15.229846,10.34
364,897,178,45.926044,16.887385,14.335630,3.99
365,957,184,45.865253,17.590891,13.270116,8.87
366,1018,189,45.799870,18.292694,13.594416,13.71
367,36,105,46.781342,6.918208,19.240765,11.34
368,98,104,46.786104,7.639380,12.394213,2.44
369,161,104,46.786104,8.360619,18.662544,-5.38
370,223,105,46.781342,9.081791,15.060794,0.22
371,285,105,46.771820,9.802762,15.075286,-3.63
372,347,107,46.757540,10.523398,15.577239,-8.40
373,409,108,46.738506,11.243565,14.978925,-9.08
374,472,110,46.714724,11.963132,15.744653,-16.33
375,534,113,46.686201,12.681965,12.884995,-12.96
376,596,116,46.652946,13.399932,13.974224,-16.75
377,657,119,46.614967,14.116905,14.519496,-26.86
378,719,123,46.572277,14.832752,15.772361,-18.57
379,781,127,46.524886,15.547347,17.129379,1.77
380,842,131,46.472810,16.260561,16.265816,8.39
381,904,136,46.416062,16.972271,13.887183,8.17
382,965,141,46.354660,17.682351,12.804423,15.58
383,1026,147,46.288621,18.390681,14.233485,15.04
384,35,62,47.275246,6.907676,20.957098,5.85
385,98,62,47.280056,7.635869,17.605556,2.95
386,161,62,47.280056,8.364130,18.184195,0.41
387,224,62,47.275246,9.092323,16.993937,-5.48
388,287,63,47.265626,9.820308,16.973063,-8.07
389,349,64,47.251201,10.547949,14.745972,-8.02
390,412,66,47.231974,11.275108,16.394117,-10.73
391,475,68,47.207951,12.001647,16.042450,-5.03
392,537,70,47.179138,12.727432,14.806347,-11.25
393,600,73,47.145545,13.452326,15.679508,-15.71
394,663,77,47.107182,14.176196,17.203608,-23.79
395,725,80,47.064059,14.898907,16.048574,-19.19
396,787,84,47.016189,15.620330,17.211281,-3.97
397,849,89,46.963586,16.340332,16.379915,6.29
398,911,94,46.906266,17.058785,15.323008,10.62
399,973,99,46.844245,17.775563,13.579489,16.57
400,1035,105,46.777541,18.490539,13.707807,18.07
401,34,19,47.769345,6.896937,21.177116,14.55
402,98,19,47.774205,7.632288,17.136791,7.34
403,161,19,47.774205,8.367711,19.718357,-2.09
404,225,19,47.769345,9.103062,19.131208,-3.08
405,288,20,47.759628,9.838200,16.322905,-3.23
406,352,21,47.745056,10.572983,14.233666,-6.48
407,415,23,47.725632,11.307269,17.023081,2.08
408,478,25,47.701364,12.040918,17.553667,-6.97
409,541,28,47.672259,12.773790,18.579231,-7.82
410,605,31,47.638324,13.505744,18.636927,-15.63
411,668,34,47.599571,14.236644,18.104616,-22.11
412,731,38,47.556010,14.966352,18.336193,-16.49
413,794,42,47.507655,15.694733,17.545311,-1.94
414,856,47,47.454520,16.421652,16.639664,17.86
415,919,52,47.396620,17.146976,16.154720,18.21
416,981,57,47.333973,17.870576,15.079975,23.55
417,800,0,47.999249,15.770598,19.411791,2.79
418,863,4,47.945575,16.504566,18.006733,14.01
419,927,9,47.887088,17.236892,15.903449,16.45
420,990,15,47.823807,17.967443,15.351305,19.63
