vector_id,pixel_x,pixel_y,latitude,longitude,magnitude,alpha_deg
0,0,992,36.504607,6.500736,27.892963,-17.23
1,52,991,36.512337,7.100364,26.286316,-14.78
2,104,991,36.516202,7.700108,24.579218,-10.00
3,155,991,36.516202,8.299891,20.673899,-3.20
4,207,991,36.512337,8.899635,20.120447,-1.82
5,259,992,36.504607,9.499263,18.471178,1.61
6,51,949,36.994759,7.093092,28.844845,-14.32
7,103,949,36.998662,7.697684,25.932030,-8.58
8,156,949,36.998662,8.302315,24.318705,-4.15
9,208,949,36.994759,8.906907,20.599154,5.25
10,260,950,36.986953,9.511380,20.083836,7.77
11,312,951,36.975246,10.115655,19.244450,7.91
12,364,952,36.959642,10.719655,21.754765,8.83
13,416,954,36.940143,11.323300,22.565159,16.15
14,468,956,36.916755,11.926512,25.313290,30.31
15,520,958,36.889483,12.529213,21.666140,32.75
16,572,961,36.858333,13.131326,20.914810,30.28
17,624,964,36.823313,13.732773,19.629526,33.34
18,676,967,36.784431,14.333479,17.064905,33.44
19,728,971,36.741697,14.933367,19.675831,36.88
20,780,975,36.695120,15.532361,16.913658,34.35
21,831,980,36.644711,16.130388,17.816158,31.41
22,883,984,36.590482,16.727372,18.363768,37.87
23,934,989,36.532447,17.323242,19.035831,41.87
24,51,908,37.478018,7.085702,31.424788,-9.46
25,103,907,37.481960,7.695220,28.531694,-5.84
26,156,907,37.481960,8.304779,25.907566,-1.26
27,208,908,37.478018,8.914297,22.887396,6.86
28,261,908,37.470135,9.523694,21.720030,13.25
29,314,909,37.458313,10.132888,20.091152,13.19
30,366,911,37.442554,10.741800,20.971222,10.64
31,419,912,37.422863,11.350348,19.699085,14.44
32,471,914,37.399244,11.958453,23.269672,20.90
33,524,917,37.371703,12.566034,24.224323,35.56
34,576,919,37.340247,13.173013,22.476429,35.34
35,628,923,37.304882,13.779310,21.980801,33.24
36,681,926,37.265618,14.384847,17.090092,31.47
37,733,930,37.222464,14.989545,15.544806,35.49
38,785,934,37.175430,15.593329,18.480637,40.77
39,837,938,37.124526,16.196122,18.306973,36.38
40,889,943,37.069766,16.797847,18.188812,36.31
41,941,948,37.011162,17.398431,19.822914,42.52
42,992,953,36.948729,17.997799,18.953941,41.89
43,50,866,37.962086,7.078190,33.265377,-7.49
44,103,865,37.966067,7.692716,29.047016,-0.51
45,156,865,37.966067,8.307283,27.991339,1.52
46,209,866,37.962087,8.921809,24.844610,9.38
47,262,866,37.954126,9.536210,22.719757,12.39
48,315,868,37.942187,10.150404,22.803722,19.85
49,368,869,37.926273,10.764308,21.263327,19.23
50,421,871,37.906387,11.377840,21.121149,19.96
51,474,873,37.882536,11.990917,19.898899,13.26
52,527,875,37.854723,12.603458,24.191603,27.63
53,580,878,37.822957,13.215381,23.565639,35.89
54,632,881,37.787244,13.826606,20.282646,32.48
55,685,884,37.747593,14.437052,15.575872,32.57
56,738,888,37.704015,15.046639,11.479836,33.76
57,790,892,37.656518,15.655289,16.227549,36.40
58,843,897,37.605115,16.262924,20.610352,40.42
59,895,901,37.549818,16.869465,18.523968,38.98
60,947,906,37.490640,17.474836,18.914454,40.12
61,999,912,37.427595,18.078962,19.779922,44.22
62,49,824,38.446939,7.070554,31.405394,-4.95
63,103,824,38.450959,7.690170,30.095741,-1.91
64,156,824,38.450959,8.309829,28.856699,3.95
65,210,824,38.446939,8.929445,28.381512,7.18
66,263,825,38.438899,9.548934,25.859884,15.79
67,317,826,38.426842,10.168210,25.660189,18.26
68,370,827,38.410771,10.787189,21.746988,25.02
69,423,829,38.390689,11.405787,22.069191,25.33
70,477,831,38.366602,12.023918,20.069147,23.99
71,530,833,38.338515,12.641500,20.018671,16.87
72,583,836,38.306435,13.258449,24.128548,42.39
73,637,839,38.270370,13.874681,22.669744,37.65
74,690,843,38.230329,14.490116,19.001928,41.62
75,743,846,38.186321,15.104671,19.498871,38.75
76,796,851,38.138358,15.718265,20.157753,41.65
77,848,855,38.086450,16.330818,19.572077,41.22
78,901,860,38.030610,16.942252,19.093067,45.97
79,954,865,37.970852,17.552486,18.799788,44.12
80,1006,871,37.907190,18.161445,19.523186,46.86
81,49,782,38.932547,7.062790,29.974535,-7.42
82,102,782,38.936607,7.687582,30.714254,-1.16
83,156,782,38.936607,8.312417,28.907852,4.02
84,210,782,38.932547,8.937209,27.266371,15.15
85,264,783,38.924428,9.561870,26.087408,19.80
86,318,784,38.912252,10.186313,24.741100,22.34
87,372,785,38.896022,10.810452,22.291008,27.68
88,426,787,38.875741,11.434199,21.849691,24.90
89,480,789,38.851416,12.057469,20.503447,30.28
90,533,791,38.823051,12.680175,20.537233,24.26
91,587,794,38.790655,13.302232,24.208763,43.05
92,641,797,38.754234,13.923555,23.510132,37.67
93,694,801,38.713798,14.544060,20.758890,45.27
94,748,805,38.669357,15.163663,20.854559,41.61
95,801,809,38.620921,15.782282,20.074110,37.32
96,854,813,38.568503,16.399834,17.129513,36.41
97,908,818,38.512115,17.016237,20.188826,42.84
98,961,824,38.451770,17.631413,19.010435,47.60
99,1014,829,38.387484,18.245281,19.260973,48.47
100,48,740,39.418884,7.054895,26.554945,-11.60
101,102,740,39.422985,7.684950,29.747868,2.97
102,157,740,39.422985,8.315049,27.667797,5.38
103,211,740,39.418884,8.945104,27.965261,9.94
104,265,741,39.410685,9.575024,24.615891,24.13
105,320,742,39.398388,10.204721,24.572439,27.21
106,374,743,39.381997,10.834106,24.527899,25.91
107,428,745,39.361516,11.463089,21.526690,28.86
108,483,747,39.336950,12.091583,21.297817,28.56
109,537,750,39.308305,12.719499,20.838558,32.41
110,591,752,39.275588,13.346749,22.698751,41.33
111,645,756,39.238808,13.973247,23.958061,41.60
112,699,759,39.197973,14.598906,21.760878,44.16
113,753,763,39.153093,15.223640,21.722395,42.20
114,807,767,39.104181,15.847365,21.962446,37.88
115,861,772,39.051246,16.469997,19.682495,40.94
116,914,777,38.994304,17.091452,17.524223,42.21
117,968,782,38.933366,17.711647,18.254877,45.18
118,1021,788,38.868450,18.330503,18.162285,46.73
119,47,698,39.905922,7.046866,25.304619,-23.68
120,102,698,39.910063,7.682273,26.108564,-5.66
121,157,698,39.910063,8.317726,26.293564,12.61
122,212,698,39.905922,8.953133,26.004251,11.51
123,267,699,39.897641,9.588402,21.976784,26.74
124,321,700,39.885223,10.223442,24.947899,29.98
125,376,701,39.868669,10.858161,25.197863,29.42
126,431,703,39.847985,11.492469,22.421427,32.93
127,486,705,39.823176,12.126275,21.857027,32.43
128,540,708,39.794247,12.759488,21.156256,33.82
129,595,711,39.761207,13.392019,22.161007,39.59
130,649,714,39.724063,14.023777,24.573893,49.88
131,704,717,39.682824,14.654676,23.544964,47.36
132,758,721,39.637502,15.284627,23.118454,40.81
133,812,725,39.588107,15.913542,24.635237,40.42
134,867,730,39.534651,16.541337,14.585857,47.00
135,921,735,39.477148,17.167925,19.108379,48.52
136,975,740,39.415612,17.793222,18.184855,49.26
137,1029,746,39.350057,18.417146,17.678591,50.06
138,46,656,40.393632,7.038700,23.940201,-24.39
139,102,656,40.397814,7.679551,22.210684,-19.03
140,157,656,40.397814,8.320448,24.034683,22.59
141,212,656,40.393632,8.961299,23.878233,19.81
142,268,657,40.385269,9.602008,21.721855,26.83
143,323,658,40.372727,10.242483,24.950634,33.38
144,378,659,40.356009,10.882628,24.792778,35.22
145,433,661,40.335120,11.522352,24.733877,35.41
146,489,663,40.310065,12.161560,21.360741,35.75
147,544,666,40.280850,12.800160,21.080988,36.71
148,599,669,40.247482,13.438060,22.460371,41.51
149,654,672,40.209970,14.075169,26.548615,54.03
150,709,675,40.168324,14.711395,25.383598,47.52
151,764,679,40.122554,15.346649,25.026297,48.67
152,818,684,40.072671,15.980841,25.642366,44.35
153,873,688,40.018688,16.613884,15.968823,47.59
154,927,693,39.960618,17.245689,17.535627,42.48
155,982,699,39.898477,17.876171,18.714476,45.95
156,46,614,40.881986,7.030393,22.702553,-20.68
157,102,613,40.886209,7.676781,20.146158,-30.63
158,157,613,40.886209,8.323218,22.219507,14.65
159,213,614,40.881986,8.969606,25.823298,27.21
160,269,615,40.873539,9.615850,20.048910,27.98
161,325,616,40.860873,10.261853,23.858034,40.38
162,380,617,40.843989,10.907518,22.867346,39.20
163,436,619,40.822892,11.552749,24.028814,37.13
164,492,621,40.797588,12.197453,20.805161,41.79
165,547,624,40.768083,12.841532,20.588470,39.66
166,603,627,40.734384,13.484893,22.938572,43.84
167,658,630,40.696501,14.127442,28.307734,55.59
168,714,633,40.654442,14.769086,26.848482,49.33
169,769,637,40.608219,15.409732,26.418177,52.91
170,824,642,40.557843,16.049290,20.905338,46.77
171,879,646,40.503328,16.687668,16.939791,46.43
172,934,652,40.444685,17.324777,19.433823,43.52
173,989,657,40.381932,17.960528,18.280275,46.10
174,45,572,41.370953,7.021940,23.778437,-23.52
175,101,571,41.375219,7.673963,22.007359,-27.91
176,158,571,41.375219,8.326036,19.126324,-0.35
177,214,572,41.370953,8.978059,26.884092,32.43
178,270,572,41.362423,9.629933,21.501457,39.02
179,326,573,41.349630,10.281560,23.433403,40.98
180,383,575,41.332578,10.932840,22.477551,40.31
181,439,577,41.311272,11.583676,21.279896,40.60
182,495,579,41.285716,12.233969,20.173338,44.72
183,551,582,41.255918,12.883622,20.875292,44.21
184,607,584,41.221885,13.532538,24.107347,47.19
185,663,588,41.183626,14.180621,27.808947,50.88
186,719,591,41.141150,14.827775,29.280346,50.66
187,775,595,41.094469,15.473905,23.927544,52.90
188,830,600,41.043595,16.118918,16.692051,51.53
189,886,605,40.988540,16.762721,14.587566,47.69
190,941,610,40.929319,17.405222,17.029770,41.99
191,997,615,40.865946,18.046331,17.639744,45.92
192,44,529,41.860505,7.013339,25.819422,-14.06
193,101,529,41.864814,7.671096,22.701252,-19.85
194,158,529,41.864814,8.328903,19.577589,-12.33
195,215,529,41.860505,8.986660,25.058456,25.37
196,271,530,41.851890,9.644264,23.222141,36.34
197,328,531,41.838970,10.301613,22.679998,41.89
198,385,533,41.821748,10.958608,22.335577,42.39
199,441,535,41.800229,11.615145,20.685482,45.06
200,498,537,41.774419,12.271126,22.419924,44.13
201,555,539,41.744325,12.926450,21.014008,49.40
202,611,542,41.709953,13.581017,25.295538,51.62
203,668,546,41.671314,14.234729,27.735046,45.38
204,724,549,41.628417,14.887487,26.143639,48.18
205,780,553,41.581273,15.539195,21.834345,55.04
206,836,558,41.529895,16.189756,18.086823,62.50
207,892,563,41.474295,16.839076,18.185595,55.12
208,948,568,41.414489,17.487060,18.188744,50.34
209,1004,573,41.350490,18.133615,19.047045,46.64
210,44,487,42.350612,7.004586,22.974575,-17.06
211,101,487,42.354963,7.668177,21.203026,-9.71
212,158,487,42.354963,8.331821,18.254978,-15.48
213,215,487,42.350612,8.995413,18.563276,30.88
214,273,488,42.341910,9.658848,22.135853,42.20
215,330,489,42.328861,10.322022,24.565422,43.88
216,387,490,42.311468,10.984832,24.219887,44.73
217,444,492,42.289734,11.647172,23.778540,52.14
218,501,495,42.263667,12.308940,20.253813,50.50
219,558,497,42.233272,12.970034,21.831518,49.90
220,615,500,42.198559,13.630351,20.510448,45.35
221,672,504,42.159535,14.289790,22.693729,45.23
222,729,507,42.116212,14.948250,21.043386,52.14
223,786,511,42.068600,15.605632,20.723602,55.34
224,843,516,42.016712,16.261837,18.195896,63.87
225,899,521,41.960561,16.916767,18.872246,48.93
226,955,526,41.900163,17.570326,18.788151,49.87
227,1012,531,41.835532,18.222419,19.180902,48.19
228,43,445,42.841242,6.995675,20.425482,-13.60
229,101,444,42.845637,7.665207,20.040028,-3.75
230,158,444,42.845637,8.334792,17.481358,-11.57
231,216,445,42.841242,9.004324,19.977064,11.48
232,274,445,42.832453,9.673694,20.493965,48.14
233,332,447,42.819274,10.342797,23.404289,46.01
234,389,448,42.801707,11.011524,24.807167,46.86
235,447,450,42.779756,11.679771,22.770212,49.40
236,505,452,42.753429,12.347429,24.086121,47.24
237,562,455,42.722731,13.014395,21.665396,48.46
238,620,458,42.687671,13.680564,17.789326,50.15
239,677,461,42.648259,14.345830,21.092197,52.35
240,734,465,42.604504,15.010092,22.667873,54.46
241,792,469,42.556419,15.673246,20.726566,63.93
242,849,474,42.504015,16.335192,19.446539,60.39
243,906,479,42.447308,16.995829,21.068489,56.14
244,963,484,42.386311,17.655059,19.662739,55.03
245,1020,490,42.321041,18.312784,21.006689,48.92
246,42,402,43.332365,6.986604,18.042227,-10.82
247,100,402,43.336804,7.662183,18.310766,-7.43
248,159,402,43.336804,8.337816,14.993869,-6.95
249,217,402,43.332365,9.013395,19.106779,16.67
250,275,403,43.323489,9.688808,20.270508,53.38
251,333,404,43.310177,10.363946,25.041197,52.10
252,392,406,43.292434,11.038698,23.687458,51.27
253,450,408,43.270264,11.712957,23.103519,49.68
254,508,410,43.243673,12.386611,25.051468,48.96
255,566,413,43.212669,13.059554,21.498116,46.37
256,624,416,43.177259,13.731678,19.677204,50.64
257,682,419,43.137453,14.402875,20.064817,50.53
258,740,423,43.093262,15.073041,22.506235,56.77
259,798,427,43.044698,15.742069,21.286186,67.80
260,855,432,42.991774,16.409856,22.446484,60.76
261,913,437,42.934503,17.076299,22.678429,55.88
262,970,442,42.872901,17.741297,23.430544,54.54
263,1027,448,42.806984,18.404750,22.981415,52.74
264,41,360,43.823949,6.977368,13.981876,3.98
265,100,359,43.828433,7.659103,16.005318,-13.04
266,159,359,43.828433,8.340896,15.106981,5.85
267,218,360,43.823949,9.022631,18.285568,23.87
268,277,361,43.814984,9.704197,19.072268,46.18
269,335,362,43.801539,10.385480,26.538309,53.06
270,394,363,43.783618,11.066367,24.855709,55.50
271,453,365,43.761226,11.746746,20.720526,51.50
272,512,368,43.734369,12.426505,20.916275,51.36
273,570,370,43.703054,13.105533,22.127712,46.47
274,629,373,43.667290,13.783719,21.734264,48.73
275,687,377,43.627087,14.460953,20.675333,54.53
276,745,381,43.582455,15.137127,20.211590,61.35
277,804,385,43.533406,15.812133,24.022432,70.89
278,862,390,43.479955,16.485864,25.951097,60.76
279,920,395,43.422114,17.158215,24.876236,53.25
280,978,400,43.359900,17.829081,27.070463,53.69
281,1036,406,43.293329,18.498361,25.494171,49.30
282,40,317,44.315964,6.967961,10.332917,-9.53
283,100,317,44.320492,7.655967,15.884089,-0.36
284,159,317,44.320492,8.344032,16.963615,6.56
285,219,317,44.315964,9.032038,18.074783,26.05
286,278,318,44.306908,9.719869,19.747890,48.84
287,337,319,44.293328,10.407410,22.220814,59.71
288,397,321,44.275227,11.094544,22.050638,52.58
289,456,323,44.252610,11.781156,20.636026,49.74
290,515,325,44.225484,12.467130,20.761450,52.60
291,574,328,44.193855,13.152353,21.796761,48.14
292,633,331,44.157733,13.836711,21.352934,52.89
293,692,335,44.117127,14.520091,21.442369,55.56
294,751,338,44.072049,15.202381,23.767778,63.84
295,810,343,44.022511,15.883472,26.449938,66.96
296,869,347,43.968525,16.563252,27.048683,57.19
297,927,352,43.910108,17.241614,27.257004,52.03
298,986,358,43.847275,17.918452,25.595104,50.29
299,40,275,44.808376,6.958380,17.949738,-17.94
300,99,275,44.812950,7.652773,13.263445,-14.87
301,159,275,44.812950,8.347226,16.072632,23.66
302,219,275,44.808376,9.041619,16.967499,29.48
303,279,276,44.799229,9.735832,16.719334,51.04
304,339,277,44.785512,10.429747,24.950779,59.69
305,399,278,44.767229,11.123243,23.817005,58.12
306,459,280,44.744385,11.816203,22.542753,60.24
307,519,283,44.716986,12.508507,19.844358,56.57
308,578,286,44.685040,13.200039,20.275537,46.66
309,638,289,44.648555,13.890682,21.527775,58.78
310,697,292,44.607542,14.580319,22.814068,58.23
311,757,296,44.562012,15.268837,25.237644,60.36
312,816,300,44.511978,15.956120,26.080418,62.89
313,875,305,44.457454,16.642058,26.801268,58.44
314,934,310,44.398453,17.326539,26.863132,53.37
315,993,316,44.334994,18.009453,20.131975,47.53
316,39,232,45.301153,6.948619,23.569328,-26.76
317,99,232,45.305773,7.649519,10.402343,-11.59
318,160,232,45.305773,8.350480,12.339205,20.68
319,220,232,45.301153,9.051380,16.637894,40.03
320,281,233,45.291914,9.752095,18.252140,47.55
321,341,234,45.278059,10.452502,22.252121,61.57
322,402,236,45.259591,11.152480,22.545296,63.59
323,462,238,45.236517,11.851905,21.567364,64.06
324,522,240,45.208842,12.550657,22.197889,54.47
325,582,243,45.176574,13.248614,18.661430,47.36
326,643,246,45.139723,13.945657,21.851810,56.50
327,703,250,45.098298,14.641667,24.617809,60.06
328,763,254,45.052311,15.336525,24.390944,57.13
329,823,258,45.001776,16.030115,25.598749,56.72
330,882,263,44.946705,16.722322,22.801035,57.15
331,942,268,44.887115,17.413031,20.140526,54.12
332,1001,274,44.823022,18.102129,18.597704,54.79
333,38,190,45.794262,6.938674,22.504547,-16.92
334,99,189,45.798929,7.646203,15.030602,-6.00
335,160,189,45.798929,8.353796,13.401692,14.12
336,221,190,45.794262,9.061325,17.768171,46.54
337,282,191,45.784930,9.768664,19.504774,49.04
338,343,192,45.770934,10.475687,22.344847,57.82
339,404,193,45.752281,11.182268,21.697317,62.37
340,465,195,45.728973,11.888281,21.001513,72.40
341,526,198,45.701019,12.593601,22.691118,54.31
342,587,201,45.668426,13.298104,19.733398,49.43
343,647,204,45.631204,14.001667,22.040339,60.17
344,708,208,45.589362,14.704167,22.947968,63.59
345,769,212,45.542913,15.405482,25.429783,59.31
346,829,216,45.491870,16.105494,27.587038,58.46
347,889,221,45.436247,16.804084,22.617962,59.21
348,949,226,45.376060,17.501133,21.357544,57.59
349,1010,232,45.311326,18.196527,18.466782,57.11
350,37,147,46.287670,6.928539,16.848555,-9.32
351,99,147,46.292384,7.642824,16.688227,4.28
352,160,147,46.292384,8.357175,10.902652,18.02
353,222,147,46.287670,9.071460,15.629211,50.85
354,284,148,46.278243,9.785550,21.250658,51.80
355,345,149,46.264106,10.499315,24.977640,56.01
356,407,151,46.245263,11.212625,23.296555,63.98
357,468,153,46.221720,11.925350,22.513155,61.00
358,530,155,46.193484,12.637363,19.079014,64.85
359,591,158,46.160561,13.348535,21.224703,51.97
360,652,161,46.122963,14.058739,20.227865,60.07
361,714,165,46.080699,14.767850,24.839727,62.98
362,775,169,46.033783,15.475744,24.738861,60.78
363,836,174,45.982226,16.182296,26.514347,57.60
364,897,178,45.926044,16.887385,24.980007,58.95
365,957,184,45.865253,17.590891,20.622972,61.06
366,1018,189,45.799870,18.292694,18.995686,60.57
367,36,105,46.781342,6.918208,14.710083,-6.68
368,98,104,46.786104,7.639380,15.652571,18.42
369,161,104,46.786104,8.360619,12.997860,38.50
370,223,105,46.781342,9.081791,9.956968,61.27
371,285,105,46.771820,9.802762,20.288071,52.90
372,347,107,46.757540,10.523398,21.014910,56.10
373,409,108,46.738506,11.243565,22.240362,60.70
374,472,110,46.714724,11.963132,21.475384,60.20
375,534,113,46.686201,12.681965,19.155184,58.83
376,596,116,46.652946,13.399932,19.548578,58.58
377,657,119,46.614967,14.116905,21.310787,60.04
378,719,123,46.572277,14.832752,24.972178,61.88
379,781,127,46.524886,15.547347,23.559464,59.48
380,842,131,46.472810,16.260561,26.496103,61.50
381,904,136,46.416062,16.972271,23.966969,59.29
382,965,141,46.354660,17.682351,19.364958,59.59
383,1026,147,46.288621,18.390681,17.440044,58.70
384,35,62,47.275246,6.907676,15.464011,0.26
385,98,62,47.280056,7.635869,15.725388,23.25
386,161,62,47.280056,8.364130,16.684898,43.31
387,224,62,47.275246,9.092323,13.588337,75.23
388,287,63,47.265626,9.820308,18.056992,55.71
389,349,64,47.251201,10.547949,19.880827,56.86
390,412,66,47.231974,11.275108,18.932045,58.53
391,475,68,47.207951,12.001647,22.016739,61.67
392,537,70,47.179138,12.727432,18.699011,49.71
393,600,73,47.145545,13.452326,14.648839,53.15
394,663,77,47.107182,14.176196,19.993834,57.19
395,725,80,47.064059,14.898907,22.785387,62.02
396,787,84,47.016189,15.620330,24.157652,61.15
397,849,89,46.963586,16.340332,24.529591,60.42
398,911,94,46.906266,17.058785,23.797812,62.04
399,973,99,46.844245,17.775563,20.658300,63.89
400,1035,105,46.777541,18.490539,17.971336,61.44
401,34,19,47.769345,6.896937,13.121046,7.88
402,98,19,47.774205,7.632288,14.893272,24.56
403,161,19,47.774205,8.367711,18.884567,51.50
404,225,19,47.769345,9.103062,15.093534,71.71
405,288,20,47.759628,9.838200,17.735079,64.25
406,352,21,47.745056,10.572983,20.685658,60.75
407,415,23,47.725632,11.307269,19.856817,60.63
408,478,25,47.701364,12.040918,23.745113,63.85
409,541,28,47.672259,12.773790,22.507357,54.43
410,605,31,47.638324,13.505744,16.922701,55.53
411,668,34,47.599571,14.236644,17.454975,59.29
412,731,38,47.556010,14.966352,21.334579,57.34
413,794,42,47.507655,15.694733,23.341904,61.45
414,856,47,47.454520,16.421652,23.472992,62.55
415,919,52,47.396620,17.146976,24.466251,64.55
416,981,57,47.333973,17.870576,20.508381,62.36
417,800,0,47.999249,15.770598,16.595724,51.77
418,863,4,47.945575,16.504566,22.579498,61.60
419,927,9,47.887088,17.236892,22.520151,64.01
420,990,15,47.823807,17.967443,18.583565,64.84
