vector_id,pixel_x,pixel_y,latitude,longitude,magnitude,alpha_deg
0,0,992,36.504607,6.500736,15.811975,3.31
1,52,991,36.512337,7.100364,14.663786,9.39
2,104,991,36.516202,7.700108,14.872163,9.45
3,155,991,36.516202,8.299891,14.395974,13.76
4,207,991,36.512337,8.899635,15.270992,12.44
5,259,992,36.504607,9.499263,17.157438,11.00
6,51,949,36.994759,7.093092,16.237612,8.41
7,103,949,36.998662,7.697684,15.496774,10.31
8,156,949,36.998662,8.302315,14.919641,11.95
9,208,949,36.994759,8.906907,14.846475,10.11
10,260,950,36.986953,9.511380,13.702882,11.89
11,312,951,36.975246,10.115655,16.872334,14.90
12,364,952,36.959642,10.719655,16.318592,23.15
13,416,954,36.940143,11.323300,17.225224,19.56
14,468,956,36.916755,11.926512,16.143234,21.82
15,520,958,36.889483,12.529213,15.830816,23.12
16,572,961,36.858333,13.131326,16.614906,30.48
17,624,964,36.823313,13.732773,15.911549,31.70
18,676,967,36.784431,14.333479,15.429776,30.35
19,728,971,36.741697,14.933367,15.345845,33.39
20,780,975,36.695120,15.532361,14.783129,35.63
21,831,980,36.644711,16.130388,15.355721,32.55
22,883,984,36.590482,16.727372,13.974124,32.44
23,934,989,36.532447,17.323242,12.981119,30.22
24,51,908,37.478018,7.085702,16.779320,13.11
25,103,907,37.481960,7.695220,17.032213,12.05
26,156,907,37.481960,8.304779,16.058195,12.55
27,208,908,37.478018,8.914297,14.831263,14.27
28,261,908,37.470135,9.523694,14.040175,11.82
29,314,909,37.458313,10.132888,15.006943,15.41
30,366,911,37.442554,10.741800,14.758928,19.75
31,419,912,37.422863,11.350348,16.214558,25.96
32,471,914,37.399244,11.958453,15.008532,26.23
33,524,917,37.371703,12.566034,15.285350,25.17
34,576,919,37.340247,13.173013,14.712291,29.44
35,628,923,37.304882,13.779310,15.358274,31.52
36,681,926,37.265618,14.384847,15.493868,30.21
37,733,930,37.222464,14.989545,15.707664,32.16
38,785,934,37.175430,15.593329,14.346778,37.98
39,837,938,37.124526,16.196122,14.534033,37.73
40,889,943,37.069766,16.797847,14.317982,36.72
41,941,948,37.011162,17.398431,13.405592,34.34
42,992,953,36.948729,17.997799,12.630507,29.49
43,50,866,37.962086,7.078190,16.646851,11.63
44,103,865,37.966067,7.692716,17.062981,16.06
45,156,865,37.966067,8.307283,17.323296,16.16
46,209,866,37.962087,8.921809,17.467302,14.88
47,262,866,37.954126,9.536210,15.655756,13.44
48,315,868,37.942187,10.150404,14.332444,13.34
49,368,869,37.926273,10.764308,14.085207,18.79
50,421,871,37.906387,11.377840,14.615415,28.76
51,474,873,37.882536,11.990917,15.481063,33.65
52,527,875,37.854723,12.603458,15.512279,30.60
53,580,878,37.822957,13.215381,13.343525,32.06
54,632,881,37.787244,13.826606,15.988231,38.37
55,685,884,37.747593,14.437052,15.909437,33.05
56,738,888,37.704015,15.046639,15.091729,32.81
57,790,892,37.656518,15.655289,14.929206,38.17
58,843,897,37.605115,16.262924,13.775663,38.69
59,895,901,37.549818,16.869465,13.888782,35.49
60,947,906,37.490640,17.474836,12.935638,35.51
61,999,912,37.427595,18.078962,12.671965,32.89
62,49,824,38.446939,7.070554,17.095308,16.20
63,103,824,38.450959,7.690170,16.305067,17.81
64,156,824,38.450959,8.309829,17.312290,17.31
65,210,824,38.446939,8.929445,16.916128,19.82
66,263,825,38.438899,9.548934,16.531401,18.34
67,317,826,38.426842,10.168210,13.726255,18.72
68,370,827,38.410771,10.787189,12.570131,24.70
69,423,829,38.390689,11.405787,13.016578,30.80
70,477,831,38.366602,12.023918,16.030998,36.60
71,530,833,38.338515,12.641500,15.877038,36.65
72,583,836,38.306435,13.258449,13.986377,43.86
73,637,839,38.270370,13.874681,14.479969,38.65
74,690,843,38.230329,14.490116,13.725584,39.66
75,743,846,38.186321,15.104671,15.759169,35.84
76,796,851,38.138358,15.718265,15.078160,41.08
77,848,855,38.086450,16.330818,14.537186,40.08
78,901,860,38.030610,16.942252,14.273523,37.11
79,954,865,37.970852,17.552486,13.568953,38.22
80,1006,871,37.907190,18.161445,13.051389,35.23
81,49,782,38.932547,7.062790,18.045341,19.14
82,102,782,38.936607,7.687582,15.858563,19.09
83,156,782,38.936607,8.312417,17.453512,19.12
84,210,782,38.932547,8.937209,15.192223,18.90
85,264,783,38.924428,9.561870,16.009415,24.08
86,318,784,38.912252,10.186313,14.621848,21.61
87,372,785,38.896022,10.810452,13.653893,30.42
88,426,787,38.875741,11.434199,14.173984,36.57
89,480,789,38.851416,12.057469,17.010227,38.28
90,533,791,38.823051,12.680175,17.729015,40.96
91,587,794,38.790655,13.302232,17.290455,42.45
92,641,797,38.754234,13.923555,16.062473,41.88
93,694,801,38.713798,14.544060,15.032856,44.34
94,748,805,38.669357,15.163663,15.110188,39.82
95,801,809,38.620921,15.782282,14.479466,41.93
96,854,813,38.568503,16.399834,14.286507,40.84
97,908,818,38.512115,17.016237,13.354939,39.87
98,961,824,38.451770,17.631413,13.186682,36.87
99,1014,829,38.387484,18.245281,12.609399,35.17
100,48,740,39.418884,7.054895,19.149187,21.86
101,102,740,39.422985,7.684950,17.631840,21.57
102,157,740,39.422985,8.315049,17.554331,20.05
103,211,740,39.418884,8.945104,16.411451,21.20
104,265,741,39.410685,9.575024,13.029636,24.98
105,320,742,39.398388,10.204721,13.973871,27.41
106,374,743,39.381997,10.834106,14.919095,28.19
107,428,745,39.361516,11.463089,15.009219,31.51
108,483,747,39.336950,12.091583,15.835963,35.41
109,537,750,39.308305,12.719499,17.891138,37.83
110,591,752,39.275588,13.346749,18.838974,37.76
111,645,756,39.238808,13.973247,18.457241,38.76
112,699,759,39.197973,14.598906,16.567963,44.62
113,753,763,39.153093,15.223640,16.829597,40.32
114,807,767,39.104181,15.847365,14.888271,41.97
115,861,772,39.051246,16.469997,13.015545,42.10
116,914,777,38.994304,17.091452,12.919178,40.24
117,968,782,38.933366,17.711647,13.307942,40.98
118,1021,788,38.868450,18.330503,13.097790,37.16
119,47,698,39.905922,7.046866,18.880175,24.11
120,102,698,39.910063,7.682273,18.510574,20.45
121,157,698,39.910063,8.317726,17.796722,21.77
122,212,698,39.905922,8.953133,15.756140,22.64
123,267,699,39.897641,9.588402,10.437431,33.98
124,321,700,39.885223,10.223442,14.793667,32.48
125,376,701,39.868669,10.858161,14.858628,34.17
126,431,703,39.847985,11.492469,15.017285,32.24
127,486,705,39.823176,12.126275,15.807790,31.73
128,540,708,39.794247,12.759488,17.122025,33.94
129,595,711,39.761207,13.392019,19.275043,40.18
130,649,714,39.724063,14.023777,19.453053,39.61
131,704,717,39.682824,14.654676,17.828594,40.96
132,758,721,39.637502,15.284627,18.405430,39.48
133,812,725,39.588107,15.913542,15.994241,42.10
134,867,730,39.534651,16.541337,14.237433,41.63
135,921,735,39.477148,17.167925,12.639207,38.86
136,975,740,39.415612,17.793222,13.770118,40.60
137,1029,746,39.350057,18.417146,12.834396,40.56
138,46,656,40.393632,7.038700,18.541288,26.06
139,102,656,40.397814,7.679551,19.311607,24.40
140,157,656,40.397814,8.320448,20.436705,20.62
141,212,656,40.393632,8.961299,14.214972,26.00
142,268,657,40.385269,9.602008,15.036155,40.46
143,323,658,40.372727,10.242483,15.834910,35.05
144,378,659,40.356009,10.882628,14.583133,31.01
145,433,661,40.335120,11.522352,14.835107,28.95
146,489,663,40.310065,12.161560,15.158193,27.35
147,544,666,40.280850,12.800160,16.844276,29.17
148,599,669,40.247482,13.438060,17.284319,32.26
149,654,672,40.209970,14.075169,19.911953,39.45
150,709,675,40.168324,14.711395,19.350622,35.63
151,764,679,40.122554,15.346649,20.462877,39.03
152,818,684,40.072671,15.980841,14.316468,44.91
153,873,688,40.018688,16.613884,16.103951,38.57
154,927,693,39.960618,17.245689,13.520754,39.10
155,982,699,39.898477,17.876171,13.369703,39.44
156,46,614,40.881986,7.030393,19.303608,25.40
157,102,613,40.886209,7.676781,19.332022,23.73
158,157,613,40.886209,8.323218,20.538464,24.43
159,213,614,40.881986,8.969606,16.734015,29.92
160,269,615,40.873539,9.615850,17.585985,40.79
161,325,616,40.860873,10.261853,17.137396,33.10
162,380,617,40.843989,10.907518,14.799526,30.88
163,436,619,40.822892,11.552749,14.202765,31.23
164,492,621,40.797588,12.197453,13.926144,29.30
165,547,624,40.768083,12.841532,16.061584,31.31
166,603,627,40.734384,13.484893,17.025106,34.23
167,658,630,40.696501,14.127442,18.786337,37.00
168,714,633,40.654442,14.769086,20.395285,36.92
169,769,637,40.608219,15.409732,21.071491,38.91
170,824,642,40.557843,16.049290,15.180217,43.79
171,879,646,40.503328,16.687668,17.398109,39.88
172,934,652,40.444685,17.324777,13.604671,38.91
173,989,657,40.381932,17.960528,13.650133,38.40
174,45,572,41.370953,7.021940,21.084061,26.05
175,101,571,41.375219,7.673963,19.315752,21.61
176,158,571,41.375219,8.326036,21.028320,25.27
177,214,572,41.370953,8.978059,18.767445,29.68
178,270,572,41.362423,9.629933,17.790510,38.28
179,326,573,41.349630,10.281560,16.677454,31.22
180,383,575,41.332578,10.932840,14.355264,35.79
181,439,577,41.311272,11.583676,13.486178,31.68
182,495,579,41.285716,12.233969,13.749357,29.71
183,551,582,41.255918,12.883622,14.583540,33.88
184,607,584,41.221885,13.532538,16.553749,37.20
185,663,588,41.183626,14.180621,18.166506,36.43
186,719,591,41.141150,14.827775,20.329889,36.59
187,775,595,41.094469,15.473905,17.816595,40.64
188,830,600,41.043595,16.118918,17.067572,46.04
189,886,605,40.988540,16.762721,19.001032,41.62
190,941,610,40.929319,17.405222,17.610876,44.54
191,997,615,40.865946,18.046331,14.626306,42.47
192,44,529,41.860505,7.013339,22.518999,27.67
193,101,529,41.864814,7.671096,19.608284,21.12
194,158,529,41.864814,8.328903,20.171360,22.43
195,215,529,41.860505,8.986660,21.746975,34.77
196,271,530,41.851890,9.644264,16.284544,41.58
197,328,531,41.838970,10.301613,17.691614,35.97
198,385,533,41.821748,10.958608,14.832870,39.88
199,441,535,41.800229,11.615145,14.828466,35.26
200,498,537,41.774419,12.271126,15.258788,32.11
201,555,539,41.744325,12.926450,15.017671,32.77
202,611,542,41.709953,13.581017,16.410583,38.46
203,668,546,41.671314,14.234729,18.509691,37.38
204,724,549,41.628417,14.887487,16.118071,35.79
205,780,553,41.581273,15.539195,17.746021,43.07
206,836,558,41.529895,16.189756,17.233280,44.93
207,892,563,41.474295,16.839076,20.983599,40.28
208,948,568,41.414489,17.487060,16.729694,44.55
209,1004,573,41.350490,18.133615,14.387573,38.77
210,44,487,42.350612,7.004586,21.490829,27.55
211,101,487,42.354963,7.668177,20.483894,24.09
212,158,487,42.354963,8.331821,20.592489,23.10
213,215,487,42.350612,8.995413,19.178289,30.70
214,273,488,42.341910,9.658848,17.946978,41.12
215,330,489,42.328861,10.322022,19.847321,39.73
216,387,490,42.311468,10.984832,16.176609,41.83
217,444,492,42.289734,11.647172,15.291764,35.18
218,501,495,42.263667,12.308940,14.539120,32.81
219,558,497,42.233272,12.970034,14.762301,33.88
220,615,500,42.198559,13.630351,15.179363,33.57
221,672,504,42.159535,14.289790,14.806223,35.01
222,729,507,42.116212,14.948250,15.250086,42.44
223,786,511,42.068600,15.605632,16.551016,45.74
224,843,516,42.016712,16.261837,19.036676,52.72
225,899,521,41.960561,16.916767,19.190117,40.39
226,955,526,41.900163,17.570326,18.135147,45.13
227,1012,531,41.835532,18.222419,15.078321,42.35
228,43,445,42.841242,6.995675,22.053253,28.06
229,101,444,42.845637,7.665207,20.973379,28.24
230,158,444,42.845637,8.334792,21.703659,24.91
231,216,445,42.841242,9.004324,21.504482,30.47
232,274,445,42.832453,9.673694,19.778648,46.36
233,332,447,42.819274,10.342797,20.563946,40.18
234,389,448,42.801707,11.011524,16.937939,39.28
235,447,450,42.779756,11.679771,14.197394,39.14
236,505,452,42.753429,12.347429,15.019337,33.30
237,562,455,42.722731,13.014395,14.399252,35.91
238,620,458,42.687671,13.680564,12.412215,35.82
239,677,461,42.648259,14.345830,13.647404,41.78
240,734,465,42.604504,15.010092,14.762123,46.02
241,792,469,42.556419,15.673246,17.517845,58.99
242,849,474,42.504015,16.335192,18.608877,53.78
243,906,479,42.447308,16.995829,18.541653,42.26
244,963,484,42.386311,17.655059,17.842751,44.18
245,1020,490,42.321041,18.312784,17.874880,44.46
246,42,402,43.332365,6.986604,22.342470,28.63
247,100,402,43.336804,7.662183,21.900864,27.93
248,159,402,43.336804,8.337816,23.852198,27.43
249,217,402,43.332365,9.013395,22.621841,32.09
250,275,403,43.323489,9.688808,20.681435,49.72
251,333,404,43.310177,10.363946,22.434877,37.85
252,392,406,43.292434,11.038698,17.702988,42.84
253,450,408,43.270264,11.712957,15.228359,44.58
254,508,410,43.243673,12.386611,16.324551,33.85
255,566,413,43.212669,13.059554,10.272486,34.83
256,624,416,43.177259,13.731678,13.302969,39.97
257,682,419,43.137453,14.402875,14.657944,44.59
258,740,423,43.093262,15.073041,15.461211,43.49
259,798,427,43.044698,15.742069,17.700768,51.14
260,855,432,42.991774,16.409856,18.800751,50.94
261,913,437,42.934503,17.076299,18.267952,41.91
262,970,442,42.872901,17.741297,19.050955,45.26
263,1027,448,42.806984,18.404750,17.601192,46.11
264,41,360,43.823949,6.977368,23.015196,28.42
265,100,359,43.828433,7.659103,23.037683,31.21
266,159,359,43.828433,8.340896,22.731941,29.73
267,218,360,43.823949,9.022631,22.993219,33.04
268,277,361,43.814984,9.704197,21.605810,49.15
269,335,362,43.801539,10.385480,23.634743,42.59
270,394,363,43.783618,11.066367,19.835201,45.02
271,453,365,43.761226,11.746746,15.597027,47.44
272,512,368,43.734369,12.426505,10.261818,33.08
273,570,370,43.703054,13.105533,14.404239,38.98
274,629,373,43.667290,13.783719,14.483728,46.79
275,687,377,43.627087,14.460953,15.761086,46.70
276,745,381,43.582455,15.137127,16.919558,43.76
277,804,385,43.533406,15.812133,16.457916,42.82
278,862,390,43.479955,16.485864,17.096388,41.92
279,920,395,43.422114,17.158215,20.923700,45.26
280,978,400,43.359900,17.829081,17.338367,52.83
281,1036,406,43.293329,18.498361,19.565001,49.59
282,40,317,44.315964,6.967961,24.016787,34.49
283,100,317,44.320492,7.655967,22.050348,35.97
284,159,317,44.320492,8.344032,21.580431,35.08
285,219,317,44.315964,9.032038,22.331158,36.56
286,278,318,44.306908,9.719869,22.066069,46.96
287,337,319,44.293328,10.407410,24.164864,45.07
288,397,321,44.275227,11.094544,18.301142,43.74
289,456,323,44.252610,11.781156,14.294644,48.40
290,515,325,44.225484,12.467130,15.693896,39.93
291,574,328,44.193855,13.152353,14.794213,39.58
292,633,331,44.157733,13.836711,15.275916,47.00
293,692,335,44.117127,14.520091,16.725748,49.33
294,751,338,44.072049,15.202381,17.661631,45.29
295,810,343,44.022511,15.883472,16.474918,48.31
296,869,347,43.968525,16.563252,17.552853,40.66
297,927,352,43.910108,17.241614,17.959490,40.80
298,986,358,43.847275,17.918452,17.310659,49.69
299,40,275,44.808376,6.958380,22.806885,30.05
300,99,275,44.812950,7.652773,22.737389,39.78
301,159,275,44.812950,8.347226,21.398790,42.47
302,219,275,44.808376,9.041619,21.529196,40.62
303,279,276,44.799229,9.735832,21.315952,43.84
304,339,277,44.785512,10.429747,22.096224,46.31
305,399,278,44.767229,11.123243,18.791109,48.61
306,459,280,44.744385,11.816203,17.575827,50.18
307,519,283,44.716986,12.508507,17.665955,47.06
308,578,286,44.685040,13.200039,15.996150,41.61
309,638,289,44.648555,13.890682,15.024848,40.09
310,697,292,44.607542,14.580319,16.315054,40.71
311,757,296,44.562012,15.268837,16.975170,43.05
312,816,300,44.511978,15.956120,17.145044,45.77
313,875,305,44.457454,16.642058,16.355795,44.05
314,934,310,44.398453,17.326539,15.888265,41.87
315,993,316,44.334994,18.009453,15.629872,45.10
316,39,232,45.301153,6.948619,25.009365,39.11
317,99,232,45.305773,7.649519,22.963213,43.23
318,160,232,45.305773,8.350480,23.227762,47.38
319,220,232,45.301153,9.051380,20.913252,52.73
320,281,233,45.291914,9.752095,20.771896,44.26
321,341,234,45.278059,10.452502,22.899107,56.09
322,402,236,45.259591,11.152480,21.683796,51.80
323,462,238,45.236517,11.851905,19.922583,51.83
324,522,240,45.208842,12.550657,17.829298,49.54
325,582,243,45.176574,13.248614,16.140385,42.67
326,643,246,45.139723,13.945657,14.874201,36.96
327,703,250,45.098298,14.641667,16.085480,43.34
328,763,254,45.052311,15.336525,16.040670,45.91
329,823,258,45.001776,16.030115,16.372751,51.90
330,882,263,44.946705,16.722322,18.462587,44.26
331,942,268,44.887115,17.413031,17.716724,43.24
332,1001,274,44.823022,18.102129,16.518261,50.90
333,38,190,45.794262,6.938674,24.194189,47.39
334,99,189,45.798929,7.646203,23.512552,47.46
335,160,189,45.798929,8.353796,22.470587,47.79
336,221,190,45.794262,9.061325,24.966951,49.62
337,282,191,45.784930,9.768664,22.607214,44.32
338,343,192,45.770934,10.475687,24.623699,52.57
339,404,193,45.752281,11.182268,23.745594,53.03
340,465,195,45.728973,11.888281,22.029909,55.96
341,526,198,45.701019,12.593601,19.907375,51.73
342,587,201,45.668426,13.298104,15.786559,46.60
343,647,204,45.631204,14.001667,15.394557,42.62
344,708,208,45.589362,14.704167,14.266746,44.92
345,769,212,45.542913,15.405482,15.216872,49.88
346,829,216,45.491870,16.105494,17.455112,51.35
347,889,221,45.436247,16.804084,16.899891,41.08
348,949,226,45.376060,17.501133,18.708029,42.14
349,1010,232,45.311326,18.196527,18.020254,50.06
350,37,147,46.287670,6.928539,24.431343,47.02
351,99,147,46.292384,7.642824,24.580439,49.25
352,160,147,46.292384,8.357175,23.575466,46.12
353,222,147,46.287670,9.071460,24.236156,55.41
354,284,148,46.278243,9.785550,24.808279,53.53
355,345,149,46.264106,10.499315,25.091927,53.75
356,407,151,46.245263,11.212625,25.063707,54.74
357,468,153,46.221720,11.925350,24.558998,56.03
358,530,155,46.193484,12.637363,22.182274,51.90
359,591,158,46.160561,13.348535,19.422377,48.35
360,652,161,46.122963,14.058739,19.224504,48.42
361,714,165,46.080699,14.767850,15.557246,52.06
362,775,169,46.033783,15.475744,15.833159,53.34
363,836,174,45.982226,16.182296,16.786287,48.91
364,897,178,45.926044,16.887385,15.323112,40.86
365,957,184,45.865253,17.590891,16.341389,44.18
366,1018,189,45.799870,18.292694,18.654900,52.40
367,36,105,46.781342,6.918208,25.706276,47.23
368,98,104,46.786104,7.639380,25.332172,54.87
369,161,104,46.786104,8.360619,22.861027,55.34
370,223,105,46.781342,9.081791,22.712374,56.95
371,285,105,46.771820,9.802762,24.046759,53.79
372,347,107,46.757540,10.523398,25.593008,55.53
373,409,108,46.738506,11.243565,24.846378,56.21
374,472,110,46.714724,11.963132,25.286247,52.34
375,534,113,46.686201,12.681965,23.773369,48.93
376,596,116,46.652946,13.399932,22.365271,49.64
377,657,119,46.614967,14.116905,19.571909,50.25
378,719,123,46.572277,14.832752,14.666227,48.63
379,781,127,46.524886,15.547347,13.564837,49.23
380,842,131,46.472810,16.260561,14.553844,48.43
381,904,136,46.416062,16.972271,13.357226,38.49
382,965,141,46.354660,17.682351,14.692057,47.35
383,1026,147,46.288621,18.390681,18.451851,50.80
384,35,62,47.275246,6.907676,21.992033,45.84
385,98,62,47.280056,7.635869,24.931015,49.66
386,161,62,47.280056,8.364130,24.253180,49.85
387,224,62,47.275246,9.092323,21.677753,52.90
388,287,63,47.265626,9.820308,22.465612,50.53
389,349,64,47.251201,10.547949,21.604805,47.37
390,412,66,47.231974,11.275108,20.351793,42.88
391,475,68,47.207951,12.001647,22.187679,40.46
392,537,70,47.179138,12.727432,21.419580,47.18
393,600,73,47.145545,13.452326,19.374430,46.05
394,663,77,47.107182,14.176196,13.594747,46.27
395,725,80,47.064059,14.898907,10.882586,33.78
396,787,84,47.016189,15.620330,11.561221,45.02
397,849,89,46.963586,16.340332,12.457500,55.29
398,911,94,46.906266,17.058785,13.056477,48.70
399,973,99,46.844245,17.775563,13.877925,35.69
400,1035,105,46.777541,18.490539,14.279987,33.25
401,34,19,47.769345,6.896937,25.171631,39.70
402,98,19,47.774205,7.632288,24.120928,49.12
403,161,19,47.774205,8.367711,25.631426,49.03
404,225,19,47.769345,9.103062,26.036270,45.14
405,288,20,47.759628,9.838200,21.399109,43.99
406,352,21,47.745056,10.572983,22.167900,50.58
407,415,23,47.725632,11.307269,21.926533,47.67
408,478,25,47.701364,12.040918,20.947100,47.64
409,541,28,47.672259,12.773790,20.545547,49.67
410,605,31,47.638324,13.505744,17.843225,50.82
411,668,34,47.599571,14.236644,15.782964,49.14
412,731,38,47.556010,14.966352,17.273905,46.52
413,794,42,47.507655,15.694733,16.526430,57.36
414,856,47,47.454520,16.421652,12.472769,53.87
415,919,52,47.396620,17.146976,13.361683,52.89
416,981,57,47.333973,17.870576,14.159382,47.30
417,800,0,47.999249,15.770598,15.382766,51.29
418,863,4,47.945575,16.504566,17.861345,58.60
419,927,9,47.887088,17.236892,17.330368,57.89
420,990,15,47.823807,17.967443,16.390970,51.53
