vector_id,pixel_x,pixel_y,latitude,longitude,magnitude,alpha_deg
0,0,992,36.504607,6.500736,3.445307,27.68
1,52,991,36.512337,7.100364,4.644440,48.37
2,104,991,36.516202,7.700108,3.214521,58.25
3,155,991,36.516202,8.299891,2.597753,38.04
4,207,991,36.512337,8.899635,0.587955,17.20
5,259,992,36.504607,9.499263,3.195271,86.28
6,51,949,36.994759,7.093092,9.329132,51.54
7,103,949,36.998662,7.697684,6.475306,52.25
8,156,949,36.998662,8.302315,6.046919,85.76
9,208,949,36.994759,8.906907,3.395008,114.20
10,260,950,36.986953,9.511380,2.837342,76.00
11,312,951,36.975246,10.115655,5.499394,73.45
12,364,952,36.959642,10.719655,7.659565,74.07
13,416,954,36.940143,11.323300,7.294904,54.92
14,468,956,36.916755,11.926512,10.675155,66.54
15,520,958,36.889483,12.529213,11.513476,69.07
16,572,961,36.858333,13.131326,9.953527,74.49
17,624,964,36.823313,13.732773,6.840272,70.68
18,676,967,36.784431,14.333479,5.255557,45.75
19,728,971,36.741697,14.933367,4.655586,5.01
20,780,975,36.695120,15.532361,6.281086,27.44
21,831,980,36.644711,16.130388,7.021023,34.10
22,883,984,36.590482,16.727372,7.316481,51.01
23,934,989,36.532447,17.323242,7.351876,61.41
24,51,908,37.478018,7.085702,7.151441,78.66
25,103,907,37.481960,7.695220,6.086296,76.54
26,156,907,37.481960,8.304779,7.257010,72.50
27,208,908,37.478018,8.914297,7.243281,70.56
28,261,908,37.470135,9.523694,7.824900,82.61
29,314,909,37.458313,10.132888,8.002967,65.36
30,366,911,37.442554,10.741800,8.912749,63.02
31,419,912,37.422863,11.350348,9.275931,60.00
32,471,914,37.399244,11.958453,10.239672,72.26
33,524,917,37.371703,12.566034,11.244419,81.41
34,576,919,37.340247,13.173013,7.161320,104.58
35,628,923,37.304882,13.779310,1.582202,153.34
36,681,926,37.265618,14.384847,0.859692,-64.71
37,733,930,37.222464,14.989545,1.210611,10.70
38,785,934,37.175430,15.593329,5.538407,42.40
39,837,938,37.124526,16.196122,7.852821,40.99
40,889,943,37.069766,16.797847,8.212287,63.92
41,941,948,37.011162,17.398431,10.101350,78.12
42,992,953,36.948729,17.997799,9.288172,90.84
43,50,866,37.962086,7.078190,11.287426,35.26
44,103,865,37.966067,7.692716,10.099593,37.02
45,156,865,37.966067,8.307283,9.393387,35.57
46,209,866,37.962087,8.921809,9.604928,42.80
47,262,866,37.954126,9.536210,8.655413,45.30
48,315,868,37.942187,10.150404,9.798739,56.54
49,368,869,37.926273,10.764308,10.294616,59.53
50,421,871,37.906387,11.377840,10.817387,62.11
51,474,873,37.882536,11.990917,12.379562,77.58
52,527,875,37.854723,12.603458,5.547295,108.46
53,580,878,37.822957,13.215381,5.330148,94.65
54,632,881,37.787244,13.826606,4.673894,101.25
55,685,884,37.747593,14.437052,0.090489,172.51
56,738,888,37.704015,15.046639,4.098162,-18.09
57,790,892,37.656518,15.655289,9.743052,60.97
58,843,897,37.605115,16.262924,7.533396,46.61
59,895,901,37.549818,16.869465,9.668967,64.00
60,947,906,37.490640,17.474836,11.011949,88.27
61,999,912,37.427595,18.078962,10.263439,91.71
62,49,824,38.446939,7.070554,13.975081,32.15
63,103,824,38.450959,7.690170,12.929443,32.57
64,156,824,38.450959,8.309829,10.591558,35.71
65,210,824,38.446939,8.929445,11.025736,39.49
66,263,825,38.438899,9.548934,11.772943,35.52
67,317,826,38.426842,10.168210,11.218045,42.77
68,370,827,38.410771,10.787189,11.949481,50.32
69,423,829,38.390689,11.405787,12.979641,58.25
70,477,831,38.366602,12.023918,13.002019,66.55
71,530,833,38.338515,12.641500,15.176255,82.69
72,583,836,38.306435,13.258449,12.353714,72.57
73,637,839,38.270370,13.874681,12.930424,72.20
74,690,843,38.230329,14.490116,5.978048,57.64
75,743,846,38.186321,15.104671,1.548294,81.03
76,796,851,38.138358,15.718265,3.605624,126.05
77,848,855,38.086450,16.330818,7.454689,51.31
78,901,860,38.030610,16.942252,10.636142,78.72
79,954,865,37.970852,17.552486,11.563597,90.16
80,1006,871,37.907190,18.161445,11.019146,90.94
81,49,782,38.932547,7.062790,12.104621,36.23
82,102,782,38.936607,7.687582,12.413763,33.83
83,156,782,38.936607,8.312417,11.330583,42.88
84,210,782,38.932547,8.937209,6.897547,35.11
85,264,783,38.924428,9.561870,11.779148,32.59
86,318,784,38.912252,10.186313,12.237242,39.48
87,372,785,38.896022,10.810452,12.871122,46.06
88,426,787,38.875741,11.434199,13.427297,53.22
89,480,789,38.851416,12.057469,13.242971,56.61
90,533,791,38.823051,12.680175,15.255829,70.22
91,587,794,38.790655,13.302232,14.315834,70.27
92,641,797,38.754234,13.923555,10.017163,76.81
93,694,801,38.713798,14.544060,5.918486,68.71
94,748,805,38.669357,15.163663,4.493439,73.60
95,801,809,38.620921,15.782282,7.734303,97.45
96,854,813,38.568503,16.399834,3.532316,70.52
97,908,818,38.512115,17.016237,11.106178,79.38
98,961,824,38.451770,17.631413,11.856821,83.74
99,1014,829,38.387484,18.245281,11.781191,88.21
100,48,740,39.418884,7.054895,11.128377,36.23
101,102,740,39.422985,7.684950,10.258286,40.99
102,157,740,39.422985,8.315049,9.739741,52.34
103,211,740,39.418884,8.945104,2.901561,52.37
104,265,741,39.410685,9.575024,4.506342,34.01
105,320,742,39.398388,10.204721,13.749850,41.98
106,374,743,39.381997,10.834106,13.128038,44.35
107,428,745,39.361516,11.463089,13.079708,49.09
108,483,747,39.336950,12.091583,13.734904,50.86
109,537,750,39.308305,12.719499,14.668964,58.56
110,591,752,39.275588,13.346749,14.437213,70.83
111,645,756,39.238808,13.973247,8.848893,78.15
112,699,759,39.197973,14.598906,8.702854,85.09
113,753,763,39.153093,15.223640,5.345279,88.27
114,807,767,39.104181,15.847365,6.721472,106.77
115,861,772,39.051246,16.469997,1.233722,-171.63
116,914,777,38.994304,17.091452,5.878886,72.81
117,968,782,38.933366,17.711647,11.793791,81.53
118,1021,788,38.868450,18.330503,12.465842,84.26
119,47,698,39.905922,7.046866,10.820401,37.16
120,102,698,39.910063,7.682273,9.555758,41.35
121,157,698,39.910063,8.317726,9.012665,48.58
122,212,698,39.905922,8.953133,2.190167,83.67
123,267,699,39.897641,9.588402,2.330695,45.08
124,321,700,39.885223,10.223442,10.892264,52.84
125,376,701,39.868669,10.858161,12.962619,46.93
126,431,703,39.847985,11.492469,13.167003,50.00
127,486,705,39.823176,12.126275,13.457533,51.16
128,540,708,39.794247,12.759488,13.268896,57.16
129,595,711,39.761207,13.392019,14.239626,71.53
130,649,714,39.724063,14.023777,12.442568,70.59
131,704,717,39.682824,14.654676,10.000074,86.00
132,758,721,39.637502,15.284627,6.161842,93.17
133,812,725,39.588107,15.913542,2.456893,98.52
134,867,730,39.534651,16.541337,1.720396,74.93
135,921,735,39.477148,17.167925,9.935794,86.30
136,975,740,39.415612,17.793222,11.691382,81.85
137,1029,746,39.350057,18.417146,12.496143,81.95
138,46,656,40.393632,7.038700,10.270263,37.23
139,102,656,40.397814,7.679551,9.355547,37.83
140,157,656,40.397814,8.320448,8.064704,58.01
141,212,656,40.393632,8.961299,2.983262,45.18
142,268,657,40.385269,9.602008,1.568603,30.70
143,323,658,40.372727,10.242483,8.902621,58.35
144,378,659,40.356009,10.882628,11.039412,51.17
145,433,661,40.335120,11.522352,12.153706,54.83
146,489,663,40.310065,12.161560,11.661386,55.86
147,544,666,40.280850,12.800160,11.863172,67.59
148,599,669,40.247482,13.438060,13.004293,81.10
149,654,672,40.209970,14.075169,13.129745,79.72
150,709,675,40.168324,14.711395,10.890219,88.37
151,764,679,40.122554,15.346649,1.549878,89.92
152,818,684,40.072671,15.980841,3.626897,53.23
153,873,688,40.018688,16.613884,6.846162,77.27
154,927,693,39.960618,17.245689,10.675876,79.33
155,982,699,39.898477,17.876171,12.512678,83.97
156,46,614,40.881986,7.030393,10.068698,35.02
157,102,613,40.886209,7.676781,8.689999,39.39
158,157,613,40.886209,8.323218,7.241773,54.41
159,213,614,40.881986,8.969606,2.105076,110.27
160,269,615,40.873539,9.615850,1.874261,98.72
161,325,616,40.860873,10.261853,7.656267,60.11
162,380,617,40.843989,10.907518,8.115078,51.42
163,436,619,40.822892,11.552749,9.233237,47.80
164,492,621,40.797588,12.197453,11.134166,66.99
165,547,624,40.768083,12.841532,11.854593,80.29
166,603,627,40.734384,13.484893,13.418826,77.91
167,658,630,40.696501,14.127442,13.031675,83.55
168,714,633,40.654442,14.769086,7.991102,79.28
169,769,637,40.608219,15.409732,2.211605,40.58
170,824,642,40.557843,16.049290,4.125519,57.30
171,879,646,40.503328,16.687668,0.475108,-152.33
172,934,652,40.444685,17.324777,5.186534,85.56
173,989,657,40.381932,17.960528,9.484319,74.20
174,45,572,41.370953,7.021940,8.413832,50.75
175,101,571,41.375219,7.673963,6.778223,51.05
176,158,571,41.375219,8.326036,7.877682,48.94
177,214,572,41.370953,8.978059,8.612052,48.36
178,270,572,41.362423,9.629933,7.425519,72.26
179,326,573,41.349630,10.281560,8.602996,76.56
180,383,575,41.332578,10.932840,8.094007,57.28
181,439,577,41.311272,11.583676,8.687263,53.25
182,495,579,41.285716,12.233969,10.311523,73.65
183,551,582,41.255918,12.883622,10.229203,90.63
184,607,584,41.221885,13.532538,6.432185,92.73
185,663,588,41.183626,14.180621,2.971442,93.50
186,719,591,41.141150,14.827775,4.027717,56.02
187,775,595,41.094469,15.473905,4.491288,64.04
188,830,600,41.043595,16.118918,4.720005,110.81
189,886,605,40.988540,16.762721,5.762043,87.82
190,941,610,40.929319,17.405222,6.943593,88.29
191,997,615,40.865946,18.046331,10.518415,85.88
192,44,529,41.860505,7.013339,8.219118,68.73
193,101,529,41.864814,7.671096,7.795065,59.53
194,158,529,41.864814,8.328903,5.975382,80.86
195,215,529,41.860505,8.986660,0.736953,102.39
196,271,530,41.851890,9.644264,11.393808,58.38
197,328,531,41.838970,10.301613,10.625466,72.93
198,385,533,41.821748,10.958608,9.629999,70.10
199,441,535,41.800229,11.615145,7.511722,68.77
200,498,537,41.774419,12.271126,8.224871,93.97
201,555,539,41.744325,12.926450,3.748659,110.48
202,611,542,41.709953,13.581017,1.667822,166.25
203,668,546,41.671314,14.234729,4.519186,61.12
204,724,549,41.628417,14.887487,6.711927,64.16
205,780,553,41.581273,15.539195,4.527308,156.95
206,836,558,41.529895,16.189756,7.503819,98.21
207,892,563,41.474295,16.839076,8.194891,85.99
208,948,568,41.414489,17.487060,9.315365,87.67
209,1004,573,41.350490,18.133615,11.201368,91.10
210,44,487,42.350612,7.004586,8.470479,72.17
211,101,487,42.354963,7.668177,7.497539,78.83
212,158,487,42.354963,8.331821,7.330575,86.33
213,215,487,42.350612,8.995413,7.337210,20.94
214,273,488,42.341910,9.658848,3.594382,-58.13
215,330,489,42.328861,10.322022,11.324055,69.88
216,387,490,42.311468,10.984832,11.218691,72.58
217,444,492,42.289734,11.647172,8.270639,81.73
218,501,495,42.263667,12.308940,6.569722,98.58
219,558,497,42.233272,12.970034,3.576524,87.23
220,615,500,42.198559,13.630351,2.640911,51.45
221,672,504,42.159535,14.289790,1.754717,-112.92
222,729,507,42.116212,14.948250,8.371879,95.23
223,786,511,42.068600,15.605632,12.262889,74.32
224,843,516,42.016712,16.261837,8.642808,99.72
225,899,521,41.960561,16.916767,10.303580,93.93
226,955,526,41.900163,17.570326,8.628124,71.55
227,1012,531,41.835532,18.222419,11.969441,89.06
228,43,445,42.841242,6.995675,8.845827,88.51
229,101,444,42.845637,7.665207,6.897925,82.56
230,158,444,42.845637,8.334792,7.652164,65.29
231,216,445,42.841242,9.004324,8.310231,61.24
232,274,445,42.832453,9.673694,0.249365,-46.08
233,332,447,42.819274,10.342797,2.753085,90.44
234,389,448,42.801707,11.011524,5.468628,77.69
235,447,450,42.779756,11.679771,4.180644,67.99
236,505,452,42.753429,12.347429,3.710084,95.27
237,562,455,42.722731,13.014395,4.578666,68.16
238,620,458,42.687671,13.680564,2.465233,68.77
239,677,461,42.648259,14.345830,7.412656,131.11
240,734,465,42.604504,15.010092,11.210940,94.96
241,792,469,42.556419,15.673246,13.847947,87.02
242,849,474,42.504015,16.335192,12.456816,97.79
243,906,479,42.447308,16.995829,11.363500,83.06
244,963,484,42.386311,17.655059,10.406781,77.96
245,1020,490,42.321041,18.312784,13.173509,92.48
246,42,402,43.332365,6.986604,7.146089,113.24
247,100,402,43.336804,7.662183,5.833190,142.61
248,159,402,43.336804,8.337816,2.619601,150.59
249,217,402,43.332365,9.013395,2.620523,-156.13
250,275,403,43.323489,9.688808,3.360905,100.94
251,333,404,43.310177,10.363946,2.855017,85.15
252,392,406,43.292434,11.038698,2.238339,84.39
253,450,408,43.270264,11.712957,0.676001,160.59
254,508,410,43.243673,12.386611,3.313657,107.62
255,566,413,43.212669,13.059554,4.157850,51.61
256,624,416,43.177259,13.731678,2.168657,104.90
257,682,419,43.137453,14.402875,6.974102,131.52
258,740,423,43.093262,15.073041,10.860116,100.65
259,798,427,43.044698,15.742069,13.061925,89.19
260,855,432,42.991774,16.409856,12.575268,89.99
261,913,437,42.934503,17.076299,5.886240,85.64
262,970,442,42.872901,17.741297,4.287638,102.28
263,1027,448,42.806984,18.404750,4.999162,83.68
264,41,360,43.823949,6.977368,3.566792,102.55
265,100,359,43.828433,7.659103,2.281962,164.79
266,159,359,43.828433,8.340896,4.161476,-167.53
267,218,360,43.823949,9.022631,1.629483,-163.50
268,277,361,43.814984,9.704197,3.351426,144.13
269,335,362,43.801539,10.385480,2.141925,-144.56
270,394,363,43.783618,11.066367,0.922680,-58.54
271,453,365,43.761226,11.746746,2.828522,128.39
272,512,368,43.734369,12.426505,4.165437,59.87
273,570,370,43.703054,13.105533,2.837367,135.04
274,629,373,43.667290,13.783719,7.153072,121.77
275,687,377,43.627087,14.460953,9.279289,140.37
276,745,381,43.582455,15.137127,7.414066,130.52
277,804,385,43.533406,15.812133,9.645364,100.29
278,862,390,43.479955,16.485864,6.462775,110.57
279,920,395,43.422114,17.158215,3.213248,117.71
280,978,400,43.359900,17.829081,4.927940,89.58
281,1036,406,43.293329,18.498361,4.914404,80.48
282,40,317,44.315964,6.967961,5.305548,73.61
283,100,317,44.320492,7.655967,1.394679,-0.32
284,159,317,44.320492,8.344032,1.938915,-41.01
285,219,317,44.315964,9.032038,2.290532,122.87
286,278,318,44.306908,9.719869,1.543188,64.06
287,337,319,44.293328,10.407410,4.505469,71.81
288,397,321,44.275227,11.094544,0.274383,155.60
289,456,323,44.252610,11.781156,0.387398,18.53
290,515,325,44.225484,12.467130,4.717253,-21.21
291,574,328,44.193855,13.152353,10.048903,118.72
292,633,331,44.157733,13.836711,8.046437,133.59
293,692,335,44.117127,14.520091,8.561496,150.39
294,751,338,44.072049,15.202381,4.411030,164.28
295,810,343,44.022511,15.883472,4.246348,93.06
296,869,347,43.968525,16.563252,5.908228,67.12
297,927,352,43.910108,17.241614,7.638575,80.70
298,986,358,43.847275,17.918452,7.400774,51.08
299,40,275,44.808376,6.958380,1.962571,62.59
300,99,275,44.812950,7.652773,0.494087,-69.51
301,159,275,44.812950,8.347226,0.962721,-72.64
302,219,275,44.808376,9.041619,0.739372,-34.88
303,279,276,44.799229,9.735832,1.394374,169.06
304,339,277,44.785512,10.429747,1.586141,178.83
305,399,278,44.767229,11.123243,0.969046,11.57
306,459,280,44.744385,11.816203,0.960798,-110.77
307,519,283,44.716986,12.508507,1.638238,50.05
308,578,286,44.685040,13.200039,9.573084,98.02
309,638,289,44.648555,13.890682,10.651214,103.19
310,697,292,44.607542,14.580319,10.090452,121.44
311,757,296,44.562012,15.268837,4.013961,77.32
312,816,300,44.511978,15.956120,4.692215,64.93
313,875,305,44.457454,16.642058,4.858574,65.25
314,934,310,44.398453,17.326539,5.467037,73.48
315,993,316,44.334994,18.009453,3.696330,75.12
316,39,232,45.301153,6.948619,1.681300,108.98
317,99,232,45.305773,7.649519,0.553645,-13.56
318,160,232,45.305773,8.350480,0.961137,-175.28
319,220,232,45.301153,9.051380,3.193800,167.33
320,281,233,45.291914,9.752095,3.230404,154.75
321,341,234,45.278059,10.452502,2.164307,135.80
322,402,236,45.259591,11.152480,3.385480,-161.94
323,462,238,45.236517,11.851905,4.273101,-117.17
324,522,240,45.208842,12.550657,4.972829,-118.81
325,582,243,45.176574,13.248614,9.155723,80.66
326,643,246,45.139723,13.945657,4.649758,87.30
327,703,250,45.098298,14.641667,4.748203,101.35
328,763,254,45.052311,15.336525,3.457952,75.62
329,823,258,45.001776,16.030115,4.069949,64.20
330,882,263,44.946705,16.722322,2.186702,143.97
331,942,268,44.887115,17.413031,0.716462,162.54
332,1001,274,44.823022,18.102129,1.115500,168.89
333,38,190,45.794262,6.938674,1.401824,133.10
334,99,189,45.798929,7.646203,3.297160,-159.18
335,160,189,45.798929,8.353796,0.621699,95.13
336,221,190,45.794262,9.061325,1.154863,103.04
337,282,191,45.784930,9.768664,0.921591,141.14
338,343,192,45.770934,10.475687,0.472916,-56.10
339,404,193,45.752281,11.182268,1.066221,-160.14
340,465,195,45.728973,11.888281,1.950494,-154.24
341,526,198,45.701019,12.593601,2.541558,-131.28
342,587,201,45.668426,13.298104,2.937644,-107.63
343,647,204,45.631204,14.001667,2.461562,60.19
344,708,208,45.589362,14.704167,2.900717,77.69
345,769,212,45.542913,15.405482,0.510696,-23.07
346,829,216,45.491870,16.105494,0.753726,-139.04
347,889,221,45.436247,16.804084,3.340549,133.09
348,949,226,45.376060,17.501133,1.090771,-21.09
349,1010,232,45.311326,18.196527,1.275314,121.78
350,37,147,46.287670,6.928539,2.275462,41.54
351,99,147,46.292384,7.642824,0.347855,-138.52
352,160,147,46.292384,8.357175,1.061283,37.07
353,222,147,46.287670,9.071460,1.030681,143.82
354,284,148,46.278243,9.785550,3.928694,72.90
355,345,149,46.264106,10.499315,2.123555,14.41
356,407,151,46.245263,11.212625,2.128693,44.00
357,468,153,46.221720,11.925350,1.658578,28.10
358,530,155,46.193484,12.637363,1.163195,-86.53
359,591,158,46.160561,13.348535,1.679594,-133.82
360,652,161,46.122963,14.058739,0.813876,-72.75
361,714,165,46.080699,14.767850,0.261606,41.66
362,775,169,46.033783,15.475744,0.727669,-7.86
363,836,174,45.982226,16.182296,2.169434,96.30
364,897,178,45.926044,16.887385,2.702547,115.49
365,957,184,45.865253,17.590891,3.303007,155.34
366,1018,189,45.799870,18.292694,3.086731,138.00
367,36,105,46.781342,6.918208,4.834410,57.07
368,98,104,46.786104,7.639380,2.268917,-104.84
369,161,104,46.786104,8.360619,4.293320,73.13
370,223,105,46.781342,9.081791,2.435988,-6.14
371,285,105,46.771820,9.802762,4.260868,90.29
372,347,107,46.757540,10.523398,3.623142,89.80
373,409,108,46.738506,11.243565,2.426787,111.50
374,472,110,46.714724,11.963132,2.560984,141.62
375,534,113,46.686201,12.681965,1.480833,113.55
376,596,116,46.652946,13.399932,1.569795,-113.07
377,657,119,46.614967,14.116905,0.571158,-115.94
378,719,123,46.572277,14.832752,0.746403,-120.15
379,781,127,46.524886,15.547347,2.918854,68.88
380,842,131,46.472810,16.260561,2.881817,104.18
381,904,136,46.416062,16.972271,3.342554,111.62
382,965,141,46.354660,17.682351,4.464269,110.95
383,1026,147,46.288621,18.390681,3.748540,109.56
384,35,62,47.275246,6.907676,5.162550,58.51
385,98,62,47.280056,7.635869,4.115083,53.54
386,161,62,47.280056,8.364130,3.535071,31.42
387,224,62,47.275246,9.092323,1.641031,91.15
388,287,63,47.265626,9.820308,1.987469,-99.56
389,349,64,47.251201,10.547949,4.893158,87.31
390,412,66,47.231974,11.275108,2.983700,163.00
391,475,68,47.207951,12.001647,3.484419,75.93
392,537,70,47.179138,12.727432,8.605458,78.66
393,600,73,47.145545,13.452326,3.503073,121.85
394,663,77,47.107182,14.176196,0.838420,168.03
395,725,80,47.064059,14.898907,4.882523,32.62
396,787,84,47.016189,15.620330,0.959913,-92.62
397,849,89,46.963586,16.340332,4.028758,85.74
398,911,94,46.906266,17.058785,4.394066,101.82
399,973,99,46.844245,17.775563,3.600802,98.36
400,1035,105,46.777541,18.490539,4.077207,121.36
401,34,19,47.769345,6.896937,4.010398,56.64
402,98,19,47.774205,7.632288,4.839539,108.70
403,161,19,47.774205,8.367711,3.960466,56.94
404,225,19,47.769345,9.103062,4.126299,15.53
405,288,20,47.759628,9.838200,3.031775,-5.71
406,352,21,47.745056,10.572983,1.557524,51.90
407,415,23,47.725632,11.307269,0.290288,61.44
408,478,25,47.701364,12.040918,2.231640,79.94
409,541,28,47.672259,12.773790,1.898134,77.43
410,605,31,47.638324,13.505744,3.688648,70.25
411,668,34,47.599571,14.236644,2.863582,11.03
412,731,38,47.556010,14.966352,3.768340,111.67
413,794,42,47.507655,15.694733,1.035566,159.29
414,856,47,47.454520,16.421652,4.933481,60.90
415,919,52,47.396620,17.146976,6.372186,100.10
416,981,57,47.333973,17.870576,4.677042,100.10
417,800,0,47.999249,15.770598,1.994618,43.27
418,863,4,47.945575,16.504566,7.298009,128.05
419,927,9,47.887088,17.236892,4.675874,121.49
420,990,15,47.823807,17.967443,5.298355,142.46
