vector_id,pixel_x,pixel_y,latitude,longitude,magnitude,alpha_deg
0,0,992,36.504607,6.500736,3.444913,22.59
1,52,991,36.512337,7.100364,3.424461,12.47
2,104,991,36.516202,7.700108,1.458277,61.00
3,155,991,36.516202,8.299891,3.983850,-6.02
4,207,991,36.512337,8.899635,5.085613,19.37
5,259,992,36.504607,9.499263,5.178905,-1.24
6,51,949,36.994759,7.093092,7.565834,16.33
7,103,949,36.998662,7.697684,6.267225,27.97
8,156,949,36.998662,8.302315,10.470275,29.34
9,208,949,36.994759,8.906907,9.034751,8.67
10,260,950,36.986953,9.511380,4.917118,0.48
11,312,951,36.975246,10.115655,7.360919,3.45
12,364,952,36.959642,10.719655,7.184270,26.77
13,416,954,36.940143,11.323300,8.191820,-11.36
14,468,956,36.916755,11.926512,9.462329,-11.65
15,520,958,36.889483,12.529213,9.011777,-11.74
16,572,961,36.858333,13.131326,8.838791,-25.84
17,624,964,36.823313,13.732773,9.416157,-20.06
18,676,967,36.784431,14.333479,8.744421,-29.40
19,728,971,36.741697,14.933367,7.889822,-5.20
20,780,975,36.695120,15.532361,8.782104,4.27
21,831,980,36.644711,16.130388,9.730964,5.89
22,883,984,36.590482,16.727372,10.579402,12.71
23,934,989,36.532447,17.323242,10.423377,14.47
24,51,908,37.478018,7.085702,13.249790,2.29
25,103,907,37.481960,7.695220,11.601816,7.07
26,156,907,37.481960,8.304779,11.877087,1.67
27,208,908,37.478018,8.914297,13.679192,-1.75
28,261,908,37.470135,9.523694,12.378458,-4.64
29,314,909,37.458313,10.132888,10.560521,1.11
30,366,911,37.442554,10.741800,8.844932,7.54
31,419,912,37.422863,11.350348,9.132752,-6.60
32,471,914,37.399244,11.958453,10.792988,-3.18
33,524,917,37.371703,12.566034,9.906620,-7.53
34,576,919,37.340247,13.173013,9.233275,-21.05
35,628,923,37.304882,13.779310,4.080014,-7.09
36,681,926,37.265618,14.384847,3.540133,1.44
37,733,930,37.222464,14.989545,4.578321,-21.67
38,785,934,37.175430,15.593329,9.504242,2.38
39,837,938,37.124526,16.196122,8.244345,-2.38
40,889,943,37.069766,16.797847,10.179924,-0.90
41,941,948,37.011162,17.398431,11.266264,11.87
42,992,953,36.948729,17.997799,11.103229,21.49
43,50,866,37.962086,7.078190,11.709075,8.19
44,103,865,37.966067,7.692716,12.902980,4.09
45,156,865,37.966067,8.307283,10.003789,7.93
46,209,866,37.962087,8.921809,12.272840,2.34
47,262,866,37.954126,9.536210,10.851462,2.54
48,315,868,37.942187,10.150404,10.692925,8.30
49,368,869,37.926273,10.764308,10.178883,10.25
50,421,871,37.906387,11.377840,9.698563,3.58
51,474,873,37.882536,11.990917,9.237187,7.45
52,527,875,37.854723,12.603458,5.347788,-4.80
53,580,878,37.822957,13.215381,3.892225,5.40
54,632,881,37.787244,13.826606,2.581433,-6.95
55,685,884,37.747593,14.437052,2.741998,-18.87
56,738,888,37.704015,15.046639,1.677047,102.27
57,790,892,37.656518,15.655289,2.198473,-91.94
58,843,897,37.605115,16.262924,8.464316,-12.32
59,895,901,37.549818,16.869465,9.453629,-6.20
60,947,906,37.490640,17.474836,9.225530,-12.81
61,999,912,37.427595,18.078962,11.422877,24.87
62,49,824,38.446939,7.070554,12.638761,6.58
63,103,824,38.450959,7.690170,11.411820,4.73
64,156,824,38.450959,8.309829,8.629371,11.92
65,210,824,38.446939,8.929445,11.154059,3.46
66,263,825,38.438899,9.548934,11.089364,-3.45
67,317,826,38.426842,10.168210,12.672433,10.01
68,370,827,38.410771,10.787189,11.748062,12.72
69,423,829,38.390689,11.405787,10.590097,15.58
70,477,831,38.366602,12.023918,10.110276,9.05
71,530,833,38.338515,12.641500,10.240084,8.99
72,583,836,38.306435,13.258449,10.064364,6.18
73,637,839,38.270370,13.874681,9.523993,5.90
74,690,843,38.230329,14.490116,9.681049,0.98
75,743,846,38.186321,15.104671,9.790652,-4.02
76,796,851,38.138358,15.718265,3.569662,-53.17
77,848,855,38.086450,16.330818,8.709146,-33.52
78,901,860,38.030610,16.942252,9.752558,-8.84
79,954,865,37.970852,17.552486,9.891638,-5.03
80,1006,871,37.907190,18.161445,7.968723,-1.56
81,49,782,38.932547,7.062790,11.991499,10.07
82,102,782,38.936607,7.687582,9.934578,13.55
83,156,782,38.936607,8.312417,8.213309,15.28
84,210,782,38.932547,8.937209,7.386692,5.90
85,264,783,38.924428,9.561870,12.056923,0.42
86,318,784,38.912252,10.186313,13.399809,8.26
87,372,785,38.896022,10.810452,11.833854,8.33
88,426,787,38.875741,11.434199,11.382542,9.01
89,480,789,38.851416,12.057469,12.283929,8.70
90,533,791,38.823051,12.680175,10.632115,15.09
91,587,794,38.790655,13.302232,9.774927,7.50
92,641,797,38.754234,13.923555,10.625366,8.24
93,694,801,38.713798,14.544060,10.508399,5.45
94,748,805,38.669357,15.163663,8.960762,5.41
95,801,809,38.620921,15.782282,8.143058,-9.04
96,854,813,38.568503,16.399834,8.502667,-14.64
97,908,818,38.512115,17.016237,9.636137,-24.50
98,961,824,38.451770,17.631413,10.064407,-10.11
99,1014,829,38.387484,18.245281,8.536920,2.27
100,48,740,39.418884,7.054895,10.793672,15.80
101,102,740,39.422985,7.684950,10.503943,21.44
102,157,740,39.422985,8.315049,7.035712,24.27
103,211,740,39.418884,8.945104,5.156246,-1.14
104,265,741,39.410685,9.575024,5.721816,1.57
105,320,742,39.398388,10.204721,9.987273,15.46
106,374,743,39.381997,10.834106,10.003217,19.11
107,428,745,39.361516,11.463089,11.058639,17.85
108,483,747,39.336950,12.091583,12.380585,10.97
109,537,750,39.308305,12.719499,11.760159,16.51
110,591,752,39.275588,13.346749,11.399171,9.19
111,645,756,39.238808,13.973247,10.920078,7.36
112,699,759,39.197973,14.598906,10.076715,7.76
113,753,763,39.153093,15.223640,10.246013,-1.11
114,807,767,39.104181,15.847365,8.960936,-4.64
115,861,772,39.051246,16.469997,5.509550,-18.28
116,914,777,38.994304,17.091452,6.327254,32.80
117,968,782,38.933366,17.711647,13.582023,18.49
118,1021,788,38.868450,18.330503,13.763977,18.62
119,47,698,39.905922,7.046866,11.149555,20.40
120,102,698,39.910063,7.682273,11.497901,19.30
121,157,698,39.910063,8.317726,9.789705,22.24
122,212,698,39.905922,8.953133,3.603909,8.90
123,267,699,39.897641,9.588402,6.769632,2.78
124,321,700,39.885223,10.223442,9.231866,23.02
125,376,701,39.868669,10.858161,8.970116,28.84
126,431,703,39.847985,11.492469,8.793068,19.66
127,486,705,39.823176,12.126275,10.840240,12.56
128,540,708,39.794247,12.759488,10.955142,15.25
129,595,711,39.761207,13.392019,11.855683,13.35
130,649,714,39.724063,14.023777,10.030922,19.92
131,704,717,39.682824,14.654676,10.489745,7.19
132,758,721,39.637502,15.284627,11.390172,4.01
133,812,725,39.588107,15.913542,6.330567,3.84
134,867,730,39.534651,16.541337,7.063005,22.56
135,921,735,39.477148,17.167925,7.706892,-15.61
136,975,740,39.415612,17.793222,8.993275,-12.21
137,1029,746,39.350057,18.417146,6.092379,-15.83
138,46,656,40.393632,7.038700,11.851808,25.96
139,102,656,40.397814,7.679551,11.903829,22.56
140,157,656,40.397814,8.320448,8.657043,20.12
141,212,656,40.393632,8.961299,5.512237,14.81
142,268,657,40.385269,9.602008,6.847471,11.63
143,323,658,40.372727,10.242483,9.482692,26.05
144,378,659,40.356009,10.882628,10.342061,11.16
145,433,661,40.335120,11.522352,9.673587,5.69
146,489,663,40.310065,12.161560,9.507279,15.06
147,544,666,40.280850,12.800160,10.404594,21.99
148,599,669,40.247482,13.438060,9.275179,20.23
149,654,672,40.209970,14.075169,10.974002,4.61
150,709,675,40.168324,14.711395,10.897584,2.78
151,764,679,40.122554,15.346649,4.472241,4.08
152,818,684,40.072671,15.980841,5.379828,27.91
153,873,688,40.018688,16.613884,5.945745,6.77
154,927,693,39.960618,17.245689,10.817885,22.64
155,982,699,39.898477,17.876171,12.382762,16.16
156,46,614,40.881986,7.030393,12.121842,19.95
157,102,613,40.886209,7.676781,11.916677,16.67
158,157,613,40.886209,8.323218,11.669366,22.42
159,213,614,40.881986,8.969606,5.273724,19.87
160,269,615,40.873539,9.615850,6.882788,9.22
161,325,616,40.860873,10.261853,9.334714,13.05
162,380,617,40.843989,10.907518,9.234111,14.17
163,436,619,40.822892,11.552749,9.241885,11.00
164,492,621,40.797588,12.197453,10.454880,13.46
165,547,624,40.768083,12.841532,10.949691,15.78
166,603,627,40.734384,13.484893,11.128530,14.91
167,658,630,40.696501,14.127442,10.158684,13.02
168,714,633,40.654442,14.769086,7.509871,3.09
169,769,637,40.608219,15.409732,6.224977,14.62
170,824,642,40.557843,16.049290,6.681304,18.13
171,879,646,40.503328,16.687668,4.977829,7.21
172,934,652,40.444685,17.324777,7.641689,21.31
173,989,657,40.381932,17.960528,6.740227,31.42
174,45,572,41.370953,7.021940,13.721284,11.51
175,101,571,41.375219,7.673963,12.374145,14.29
176,158,571,41.375219,8.326036,13.384978,15.94
177,214,572,41.370953,8.978059,14.245443,10.69
178,270,572,41.362423,9.629933,16.238453,13.02
179,326,573,41.349630,10.281560,13.663081,11.69
180,383,575,41.332578,10.932840,9.867507,15.54
181,439,577,41.311272,11.583676,9.944389,13.25
182,495,579,41.285716,12.233969,12.068072,9.14
183,551,582,41.255918,12.883622,11.436891,3.47
184,607,584,41.221885,13.532538,9.464169,-8.29
185,663,588,41.183626,14.180621,4.520716,22.04
186,719,591,41.141150,14.827775,6.024533,24.02
187,775,595,41.094469,15.473905,7.037621,27.73
188,830,600,41.043595,16.118918,8.249042,16.46
189,886,605,40.988540,16.762721,6.613189,20.96
190,941,610,40.929319,17.405222,10.260201,9.68
191,997,615,40.865946,18.046331,8.098744,36.23
192,44,529,41.860505,7.013339,13.891302,17.03
193,101,529,41.864814,7.671096,12.158295,22.11
194,158,529,41.864814,8.328903,11.635244,19.62
195,215,529,41.860505,8.986660,3.815438,8.11
196,271,530,41.851890,9.644264,11.399734,29.42
197,328,531,41.838970,10.301613,12.527310,27.28
198,385,533,41.821748,10.958608,10.250058,21.30
199,441,535,41.800229,11.615145,11.339261,13.28
200,498,537,41.774419,12.271126,9.810520,4.72
201,555,539,41.744325,12.926450,3.894137,21.82
202,611,542,41.709953,13.581017,3.168286,36.35
203,668,546,41.671314,14.234729,5.100752,42.22
204,724,549,41.628417,14.887487,5.977662,33.54
205,780,553,41.581273,15.539195,7.376511,19.42
206,836,558,41.529895,16.189756,12.144658,17.39
207,892,563,41.474295,16.839076,12.940535,9.25
208,948,568,41.414489,17.487060,10.593497,11.37
209,1004,573,41.350490,18.133615,9.452668,21.76
210,44,487,42.350612,7.004586,11.978399,24.05
211,101,487,42.354963,7.668177,10.570374,25.25
212,158,487,42.354963,8.331821,9.928621,39.30
213,215,487,42.350612,8.995413,8.740144,13.24
214,273,488,42.341910,9.658848,6.885783,75.01
215,330,489,42.328861,10.322022,5.655015,68.83
216,387,490,42.311468,10.984832,6.257852,60.13
217,444,492,42.289734,11.647172,5.543652,32.02
218,501,495,42.263667,12.308940,2.333230,81.67
219,558,497,42.233272,12.970034,2.486408,33.47
220,615,500,42.198559,13.630351,4.459040,6.69
221,672,504,42.159535,14.289790,4.432999,-149.72
222,729,507,42.116212,14.948250,3.102277,-178.81
223,786,511,42.068600,15.605632,7.812446,24.70
224,843,516,42.016712,16.261837,9.898822,2.84
225,899,521,41.960561,16.916767,9.214021,0.38
226,955,526,41.900163,17.570326,12.556293,16.75
227,1012,531,41.835532,18.222419,12.064804,27.29
228,43,445,42.841242,6.995675,10.067549,12.42
229,101,444,42.845637,7.665207,9.859426,24.31
230,158,444,42.845637,8.334792,11.735669,35.90
231,216,445,42.841242,9.004324,17.120207,33.87
232,274,445,42.832453,9.673694,8.249007,40.26
233,332,447,42.819274,10.342797,2.442874,120.38
234,389,448,42.801707,11.011524,4.173970,66.21
235,447,450,42.779756,11.679771,3.548420,47.69
236,505,452,42.753429,12.347429,3.455981,52.67
237,562,455,42.722731,13.014395,3.595657,31.30
238,620,458,42.687671,13.680564,1.237303,79.82
239,677,461,42.648259,14.345830,4.182497,50.70
240,734,465,42.604504,15.010092,7.797033,26.31
241,792,469,42.556419,15.673246,7.323924,20.03
242,849,474,42.504015,16.335192,8.632125,1.80
243,906,479,42.447308,16.995829,9.707612,-3.32
244,963,484,42.386311,17.655059,7.874928,-4.86
245,1020,490,42.321041,18.312784,9.839185,27.52
246,42,402,43.332365,6.986604,7.682081,-9.08
247,100,402,43.336804,7.662183,11.288316,12.64
248,159,402,43.336804,8.337816,12.339564,19.49
249,217,402,43.332365,9.013395,19.022387,21.95
250,275,403,43.323489,9.688808,14.032608,29.28
251,333,404,43.310177,10.363946,11.824026,19.83
252,392,406,43.292434,11.038698,5.514235,10.22
253,450,408,43.270264,11.712957,4.546973,21.77
254,508,410,43.243673,12.386611,3.702961,45.75
255,566,413,43.212669,13.059554,5.865669,34.38
256,624,416,43.177259,13.731678,5.562567,19.21
257,682,419,43.137453,14.402875,2.104967,44.17
258,740,423,43.093262,15.073041,2.127212,20.90
259,798,427,43.044698,15.742069,5.034078,29.15
260,855,432,42.991774,16.409856,7.215897,-9.90
261,913,437,42.934503,17.076299,2.734427,-14.33
262,970,442,42.872901,17.741297,1.967930,35.77
263,1027,448,42.806984,18.404750,3.343132,66.03
264,41,360,43.823949,6.977368,4.483762,0.77
265,100,359,43.828433,7.659103,4.591340,24.80
266,159,359,43.828433,8.340896,18.446148,31.91
267,218,360,43.823949,9.022631,18.132580,27.81
268,277,361,43.814984,9.704197,12.472921,22.23
269,335,362,43.801539,10.385480,5.662661,20.40
270,394,363,43.783618,11.066367,5.633199,27.10
271,453,365,43.761226,11.746746,3.923604,24.84
272,512,368,43.734369,12.426505,6.980752,40.64
273,570,370,43.703054,13.105533,7.765603,29.79
274,629,373,43.667290,13.783719,9.346529,22.27
275,687,377,43.627087,14.460953,9.596992,25.53
276,745,381,43.582455,15.137127,9.036166,17.52
277,804,385,43.533406,15.812133,9.515336,6.02
278,862,390,43.479955,16.485864,8.239723,6.75
279,920,395,43.422114,17.158215,3.438486,3.88
280,978,400,43.359900,17.829081,3.100644,72.02
281,1036,406,43.293329,18.498361,4.577257,56.78
282,40,317,44.315964,6.967961,6.836756,18.89
283,100,317,44.320492,7.655967,2.277177,13.44
284,159,317,44.320492,8.344032,1.922134,144.28
285,219,317,44.315964,9.032038,3.740045,72.23
286,278,318,44.306908,9.719869,4.076659,62.90
287,337,319,44.293328,10.407410,7.909800,62.19
288,397,321,44.275227,11.094544,5.109205,58.48
289,456,323,44.252610,11.781156,7.666972,48.07
290,515,325,44.225484,12.467130,8.361583,28.66
291,574,328,44.193855,13.152353,5.788508,38.22
292,633,331,44.157733,13.836711,10.371861,36.52
293,692,335,44.117127,14.520091,7.183506,50.72
294,751,338,44.072049,15.202381,5.509503,18.98
295,810,343,44.022511,15.883472,4.386341,23.70
296,869,347,43.968525,16.563252,6.717593,33.18
297,927,352,43.910108,17.241614,6.246931,49.47
298,986,358,43.847275,17.918452,5.051798,52.39
299,40,275,44.808376,6.958380,5.515125,19.49
300,99,275,44.812950,7.652773,1.037343,-131.87
301,159,275,44.812950,8.347226,2.441463,-53.70
302,219,275,44.808376,9.041619,4.204896,65.92
303,279,276,44.799229,9.735832,4.772033,75.23
304,339,277,44.785512,10.429747,1.599975,-118.71
305,399,278,44.767229,11.123243,1.891701,-74.64
306,459,280,44.744385,11.816203,0.960685,-48.96
307,519,283,44.716986,12.508507,2.458591,50.16
308,578,286,44.685040,13.200039,3.452406,63.25
309,638,289,44.648555,13.890682,3.526262,49.02
310,697,292,44.607542,14.580319,3.763237,54.75
311,757,296,44.562012,15.268837,3.650237,36.57
312,816,300,44.511978,15.956120,4.396453,43.66
313,875,305,44.457454,16.642058,4.637866,45.58
314,934,310,44.398453,17.326539,4.661054,49.29
315,993,316,44.334994,18.009453,4.685494,52.45
316,39,232,45.301153,6.948619,2.434338,-2.18
317,99,232,45.305773,7.649519,2.177954,137.00
318,160,232,45.305773,8.350480,0.226163,148.78
319,220,232,45.301153,9.051380,1.638974,-85.01
320,281,233,45.291914,9.752095,0.422812,-165.97
321,341,234,45.278059,10.452502,3.690521,-22.99
322,402,236,45.259591,11.152480,3.795116,-11.14
323,462,238,45.236517,11.851905,2.954140,1.54
324,522,240,45.208842,12.550657,5.149923,13.68
325,582,243,45.176574,13.248614,4.986986,33.30
326,643,246,45.139723,13.945657,4.854832,40.31
327,703,250,45.098298,14.641667,2.594790,41.11
328,763,254,45.052311,15.336525,5.371562,39.65
329,823,258,45.001776,16.030115,4.001512,32.76
330,882,263,44.946705,16.722322,0.556670,38.53
331,942,268,44.887115,17.413031,2.456636,22.51
332,1001,274,44.823022,18.102129,1.324456,42.37
333,38,190,45.794262,6.938674,3.781534,24.88
334,99,189,45.798929,7.646203,1.881298,77.96
335,160,189,45.798929,8.353796,1.526046,-173.98
336,221,190,45.794262,9.061325,0.874205,107.22
337,282,191,45.784930,9.768664,0.628892,-164.33
338,343,192,45.770934,10.475687,3.378084,31.26
339,404,193,45.752281,11.182268,1.829194,28.51
340,465,195,45.728973,11.888281,1.167760,106.07
341,526,198,45.701019,12.593601,0.984607,79.72
342,587,201,45.668426,13.298104,5.313258,60.90
343,647,204,45.631204,14.001667,2.643084,56.85
344,708,208,45.589362,14.704167,3.326576,49.73
345,769,212,45.542913,15.405482,1.494132,-166.39
346,829,216,45.491870,16.105494,1.525241,-115.65
347,889,221,45.436247,16.804084,2.204938,-54.10
348,949,226,45.376060,17.501133,3.224825,0.73
349,1010,232,45.311326,18.196527,3.107651,29.56
350,37,147,46.287670,6.928539,1.889885,17.47
351,99,147,46.292384,7.642824,0.975390,-7.19
352,160,147,46.292384,8.357175,2.123166,70.55
353,222,147,46.287670,9.071460,2.404319,110.57
354,284,148,46.278243,9.785550,3.021375,26.99
355,345,149,46.264106,10.499315,3.510820,-15.93
356,407,151,46.245263,11.212625,2.214101,67.79
357,468,153,46.221720,11.925350,2.849083,72.67
358,530,155,46.193484,12.637363,1.640431,164.67
359,591,158,46.160561,13.348535,1.800971,98.26
360,652,161,46.122963,14.058739,0.760780,-9.23
361,714,165,46.080699,14.767850,0.943392,48.91
362,775,169,46.033783,15.475744,0.874925,60.15
363,836,174,45.982226,16.182296,0.455974,76.00
364,897,178,45.926044,16.887385,1.225943,-124.39
365,957,184,45.865253,17.590891,3.960867,-55.61
366,1018,189,45.799870,18.292694,5.591899,19.73
367,36,105,46.781342,6.918208,7.282663,56.84
368,98,104,46.786104,7.639380,4.523973,54.15
369,161,104,46.786104,8.360619,5.207780,22.27
370,223,105,46.781342,9.081791,3.070635,54.79
371,285,105,46.771820,9.802762,3.630409,75.43
372,347,107,46.757540,10.523398,3.597923,52.22
373,409,108,46.738506,11.243565,3.463812,118.81
374,472,110,46.714724,11.963132,1.325149,-105.12
375,534,113,46.686201,12.681965,2.104308,79.55
376,596,116,46.652946,13.399932,0.609766,139.68
377,657,119,46.614967,14.116905,0.239763,68.26
378,719,123,46.572277,14.832752,1.546265,-60.49
379,781,127,46.524886,15.547347,1.172986,127.49
380,842,131,46.472810,16.260561,0.911220,69.68
381,904,136,46.416062,16.972271,0.567560,-44.72
382,965,141,46.354660,17.682351,3.264127,-71.57
383,1026,147,46.288621,18.390681,3.194718,-42.76
384,35,62,47.275246,6.907676,6.104060,38.51
385,98,62,47.280056,7.635869,6.257619,46.47
386,161,62,47.280056,8.364130,2.957430,22.30
387,224,62,47.275246,9.092323,2.031493,42.45
388,287,63,47.265626,9.820308,1.709996,32.98
389,349,64,47.251201,10.547949,3.398638,75.75
390,412,66,47.231974,11.275108,2.217641,-161.46
391,475,68,47.207951,12.001647,3.305856,87.53
392,537,70,47.179138,12.727432,4.179011,66.72
393,600,73,47.145545,13.452326,1.526072,86.66
394,663,77,47.107182,14.176196,0.964647,113.76
395,725,80,47.064059,14.898907,1.259650,59.38
396,787,84,47.016189,15.620330,1.362942,52.69
397,849,89,46.963586,16.340332,1.358020,84.43
398,911,94,46.906266,17.058785,0.204969,-128.64
399,973,99,46.844245,17.775563,3.219070,-82.61
400,1035,105,46.777541,18.490539,4.024471,-37.78
401,34,19,47.769345,6.896937,4.994328,36.88
402,98,19,47.774205,7.632288,3.019429,80.45
403,161,19,47.774205,8.367711,5.184023,48.41
404,225,19,47.769345,9.103062,2.595745,31.89
405,288,20,47.759628,9.838200,2.726600,37.20
406,352,21,47.745056,10.572983,1.763246,56.29
407,415,23,47.725632,11.307269,1.101777,-94.99
408,478,25,47.701364,12.040918,0.948183,103.77
409,541,28,47.672259,12.773790,1.304563,79.87
410,605,31,47.638324,13.505744,1.978618,94.05
411,668,34,47.599571,14.236644,1.916027,66.93
412,731,38,47.556010,14.966352,2.379666,-24.12
413,794,42,47.507655,15.694733,2.724874,-19.21
414,856,47,47.454520,16.421652,1.778149,72.55
415,919,52,47.396620,17.146976,0.230384,-70.19
416,981,57,47.333973,17.870576,3.486368,-35.32
417,800,0,47.999249,15.770598,3.300211,-0.95
418,863,4,47.945575,16.504566,1.802087,87.86
419,927,9,47.887088,17.236892,1.691268,50.95
420,990,15,47.823807,17.967443,3.119609,2.69
