vector_id,pixel_x,pixel_y,latitude,longitude,magnitude,alpha_deg
0,0,992,36.504607,6.500736,0.751434,-95.91
1,52,991,36.512337,7.100364,2.245047,51.00
2,104,991,36.516202,7.700108,1.422046,18.40
3,155,991,36.516202,8.299891,0.683452,39.02
4,207,991,36.512337,8.899635,0.088283,25.29
5,259,992,36.504607,9.499263,0.700770,143.02
6,51,949,36.994759,7.093092,2.155385,59.39
7,103,949,36.998662,7.697684,4.110280,35.31
8,156,949,36.998662,8.302315,2.419618,85.38
9,208,949,36.994759,8.906907,3.524056,121.48
10,260,950,36.986953,9.511380,3.143906,67.10
11,312,951,36.975246,10.115655,6.602851,55.81
12,364,952,36.959642,10.719655,7.924362,55.14
13,416,954,36.940143,11.323300,9.946568,66.66
14,468,956,36.916755,11.926512,12.660719,81.73
15,520,958,36.889483,12.529213,12.834598,84.95
16,572,961,36.858333,13.131326,10.736164,84.92
17,624,964,36.823313,13.732773,7.960401,76.07
18,676,967,36.784431,14.333479,6.439622,63.31
19,728,971,36.741697,14.933367,3.056515,40.45
20,780,975,36.695120,15.532361,6.909559,53.61
21,831,980,36.644711,16.130388,5.929599,41.13
22,883,984,36.590482,16.727372,5.409370,18.93
23,934,989,36.532447,17.323242,4.954384,38.28
24,51,908,37.478018,7.085702,5.569167,23.80
25,103,907,37.481960,7.695220,4.358105,48.80
26,156,907,37.481960,8.304779,3.292194,62.96
27,208,908,37.478018,8.914297,3.192804,45.67
28,261,908,37.470135,9.523694,5.947435,54.19
29,314,909,37.458313,10.132888,8.281382,55.80
30,366,911,37.442554,10.741800,8.838707,56.93
31,419,912,37.422863,11.350348,11.293116,74.39
32,471,914,37.399244,11.958453,13.363818,84.25
33,524,917,37.371703,12.566034,11.788905,95.48
34,576,919,37.340247,13.173013,8.861299,103.86
35,628,923,37.304882,13.779310,1.401431,167.54
36,681,926,37.265618,14.384847,0.556300,-88.22
37,733,930,37.222464,14.989545,1.414224,123.50
38,785,934,37.175430,15.593329,6.633138,47.80
39,837,938,37.124526,16.196122,8.013946,37.90
40,889,943,37.069766,16.797847,5.994113,41.98
41,941,948,37.011162,17.398431,4.661556,59.78
42,992,953,36.948729,17.997799,4.378674,57.43
43,50,866,37.962086,7.078190,15.020305,16.90
44,103,865,37.966067,7.692716,9.672153,33.27
45,156,865,37.966067,8.307283,7.482523,63.46
46,209,866,37.962087,8.921809,5.617454,53.75
47,262,866,37.954126,9.536210,5.531498,44.71
48,315,868,37.942187,10.150404,7.896965,42.30
49,368,869,37.926273,10.764308,11.014345,66.97
50,421,871,37.906387,11.377840,12.463416,74.64
51,474,873,37.882536,11.990917,13.965591,85.71
52,527,875,37.854723,12.603458,7.255004,111.32
53,580,878,37.822957,13.215381,6.131126,96.52
54,632,881,37.787244,13.826606,5.417685,107.75
55,685,884,37.747593,14.437052,0.986886,159.94
56,738,888,37.704015,15.046639,3.046604,-21.24
57,790,892,37.656518,15.655289,9.704149,49.26
58,843,897,37.605115,16.262924,7.900305,40.95
59,895,901,37.549818,16.869465,6.179807,43.30
60,947,906,37.490640,17.474836,5.801018,62.81
61,999,912,37.427595,18.078962,4.129231,77.28
62,49,824,38.446939,7.070554,14.645438,24.74
63,103,824,38.450959,7.690170,14.036604,28.32
64,156,824,38.450959,8.309829,11.310526,44.89
65,210,824,38.446939,8.929445,10.827173,44.84
66,263,825,38.438899,9.548934,9.587741,62.59
67,317,826,38.426842,10.168210,8.363794,63.98
68,370,827,38.410771,10.787189,9.064007,48.30
69,423,829,38.390689,11.405787,12.318803,68.38
70,477,831,38.366602,12.023918,15.556581,83.04
71,530,833,38.338515,12.641500,15.959980,86.28
72,583,836,38.306435,13.258449,11.004064,71.85
73,637,839,38.270370,13.874681,13.195659,73.86
74,690,843,38.230329,14.490116,5.165017,73.40
75,743,846,38.186321,15.104671,6.045823,89.44
76,796,851,38.138358,15.718265,2.365187,178.64
77,848,855,38.086450,16.330818,5.048770,67.30
78,901,860,38.030610,16.942252,7.120548,63.70
79,954,865,37.970852,17.552486,7.373308,67.52
80,1006,871,37.907190,18.161445,6.556911,84.80
81,49,782,38.932547,7.062790,14.321843,31.83
82,102,782,38.936607,7.687582,14.630953,31.12
83,156,782,38.936607,8.312417,14.326242,25.37
84,210,782,38.932547,8.937209,9.541912,26.24
85,264,783,38.924428,9.561870,13.715076,48.05
86,318,784,38.912252,10.186313,12.383303,71.24
87,372,785,38.896022,10.810452,11.227724,69.68
88,426,787,38.875741,11.434199,11.737886,62.49
89,480,789,38.851416,12.057469,14.152933,74.71
90,533,791,38.823051,12.680175,14.701704,76.90
91,587,794,38.790655,13.302232,13.378946,68.38
92,641,797,38.754234,13.923555,7.614639,69.71
93,694,801,38.713798,14.544060,7.798777,69.71
94,748,805,38.669357,15.163663,3.883588,75.19
95,801,809,38.620921,15.782282,6.330973,104.53
96,854,813,38.568503,16.399834,2.793589,27.27
97,908,818,38.512115,17.016237,9.760714,67.85
98,961,824,38.451770,17.631413,8.885819,68.77
99,1014,829,38.387484,18.245281,8.652739,76.42
100,48,740,39.418884,7.054895,13.434588,31.24
101,102,740,39.422985,7.684950,13.898048,32.29
102,157,740,39.422985,8.315049,12.523417,42.02
103,211,740,39.418884,8.945104,5.274115,46.09
104,265,741,39.410685,9.575024,4.303269,48.15
105,320,742,39.398388,10.204721,14.866280,57.24
106,374,743,39.381997,10.834106,14.230722,70.73
107,428,745,39.361516,11.463089,13.608050,70.65
108,483,747,39.336950,12.091583,14.338118,67.83
109,537,750,39.308305,12.719499,13.901999,71.31
110,591,752,39.275588,13.346749,12.600740,62.33
111,645,756,39.238808,13.973247,11.105328,57.88
112,699,759,39.197973,14.598906,8.297367,71.98
113,753,763,39.153093,15.223640,7.009897,72.26
114,807,767,39.104181,15.847365,5.738097,99.30
115,861,772,39.051246,16.469997,1.320389,-64.80
116,914,777,38.994304,17.091452,6.605543,51.76
117,968,782,38.933366,17.711647,10.583644,68.86
118,1021,788,38.868450,18.330503,9.070088,68.65
119,47,698,39.905922,7.046866,12.958808,20.25
120,102,698,39.910063,7.682273,12.250188,30.91
121,157,698,39.910063,8.317726,12.839585,40.12
122,212,698,39.905922,8.953133,4.533622,47.01
123,267,699,39.897641,9.588402,4.635910,53.69
124,321,700,39.885223,10.223442,14.438867,57.53
125,376,701,39.868669,10.858161,16.139795,60.88
126,431,703,39.847985,11.492469,15.049670,65.11
127,486,705,39.823176,12.126275,15.762315,66.01
128,540,708,39.794247,12.759488,15.290009,61.75
129,595,711,39.761207,13.392019,13.498659,60.69
130,649,714,39.724063,14.023777,11.363525,59.13
131,704,717,39.682824,14.654676,10.532463,61.13
132,758,721,39.637502,15.284627,10.029366,73.87
133,812,725,39.588107,15.913542,3.486877,98.02
134,867,730,39.534651,16.541337,2.555915,85.62
135,921,735,39.477148,17.167925,5.931762,86.18
136,975,740,39.415612,17.793222,12.412574,70.46
137,1029,746,39.350057,18.417146,9.548738,76.10
138,46,656,40.393632,7.038700,12.285630,12.36
139,102,656,40.397814,7.679551,13.059946,30.93
140,157,656,40.397814,8.320448,12.071187,46.45
141,212,656,40.393632,8.961299,5.724030,36.65
142,268,657,40.385269,9.602008,4.013315,32.20
143,323,658,40.372727,10.242483,12.918448,69.38
144,378,659,40.356009,10.882628,15.103235,59.91
145,433,661,40.335120,11.522352,16.457067,60.99
146,489,663,40.310065,12.161560,15.630001,60.19
147,544,666,40.280850,12.800160,15.004752,61.21
148,599,669,40.247482,13.438060,13.379668,57.31
149,654,672,40.209970,14.075169,12.079183,61.20
150,709,675,40.168324,14.711395,11.587368,56.74
151,764,679,40.122554,15.346649,3.328628,67.66
152,818,684,40.072671,15.980841,4.651238,55.57
153,873,688,40.018688,16.613884,8.585367,80.81
154,927,693,39.960618,17.245689,4.645392,99.93
155,982,699,39.898477,17.876171,10.721478,89.68
156,46,614,40.881986,7.030393,11.018966,6.81
157,102,613,40.886209,7.676781,13.079056,17.52
158,157,613,40.886209,8.323218,11.934487,37.31
159,213,614,40.881986,8.969606,5.248391,44.68
160,269,615,40.873539,9.615850,3.748188,46.77
161,325,616,40.860873,10.261853,10.116940,59.34
162,380,617,40.843989,10.907518,13.452548,61.05
163,436,619,40.822892,11.552749,15.211676,59.41
164,492,621,40.797588,12.197453,15.746804,65.65
165,547,624,40.768083,12.841532,14.624604,63.97
166,603,627,40.734384,13.484893,13.766562,59.21
167,658,630,40.696501,14.127442,12.757447,61.53
168,714,633,40.654442,14.769086,10.268691,68.06
169,769,637,40.608219,15.409732,3.993927,40.68
170,824,642,40.557843,16.049290,4.711963,62.60
171,879,646,40.503328,16.687668,1.229070,152.99
172,934,652,40.444685,17.324777,7.594605,87.89
173,989,657,40.381932,17.960528,6.295948,108.70
174,45,572,41.370953,7.021940,5.248683,-39.93
175,101,571,41.375219,7.673963,7.394341,-26.86
176,158,571,41.375219,8.326036,11.814255,25.80
177,214,572,41.370953,8.978059,12.883048,25.44
178,270,572,41.362423,9.629933,10.956951,44.98
179,326,573,41.349630,10.281560,9.893621,63.91
180,383,575,41.332578,10.932840,12.951320,63.30
181,439,577,41.311272,11.583676,13.692727,62.25
182,495,579,41.285716,12.233969,14.688815,67.59
183,551,582,41.255918,12.883622,14.478105,65.71
184,607,584,41.221885,13.532538,8.987720,56.43
185,663,588,41.183626,14.180621,3.955766,74.83
186,719,591,41.141150,14.827775,6.655694,58.90
187,775,595,41.094469,15.473905,5.224200,72.99
188,830,600,41.043595,16.118918,6.624234,120.18
189,886,605,40.988540,16.762721,7.186872,102.26
190,941,610,40.929319,17.405222,13.853390,80.91
191,997,615,40.865946,18.046331,10.030076,104.57
192,44,529,41.860505,7.013339,6.593689,-40.81
193,101,529,41.864814,7.671096,7.957389,-27.83
194,158,529,41.864814,8.328903,10.532012,28.55
195,215,529,41.860505,8.986660,3.354836,30.44
196,271,530,41.851890,9.644264,12.330013,56.43
197,328,531,41.838970,10.301613,10.428918,69.40
198,385,533,41.821748,10.958608,10.920351,76.97
199,441,535,41.800229,11.615145,12.129205,73.43
200,498,537,41.774419,12.271126,12.457420,70.02
201,555,539,41.744325,12.926450,5.743752,66.57
202,611,542,41.709953,13.581017,2.010594,80.50
203,668,546,41.671314,14.234729,6.678665,59.65
204,724,549,41.628417,14.887487,7.104233,65.88
205,780,553,41.581273,15.539195,5.493924,168.68
206,836,558,41.529895,16.189756,11.385909,85.52
207,892,563,41.474295,16.839076,12.013276,97.60
208,948,568,41.414489,17.487060,10.356691,106.74
209,1004,573,41.350490,18.133615,10.613374,89.06
210,44,487,42.350612,7.004586,6.973224,-25.93
211,101,487,42.354963,7.668177,7.596498,-21.27
212,158,487,42.354963,8.331821,8.434516,-1.30
213,215,487,42.350612,8.995413,8.321502,35.49
214,273,488,42.341910,9.658848,5.212607,99.43
215,330,489,42.328861,10.322022,11.860911,75.78
216,387,490,42.311468,10.984832,14.187203,83.30
217,444,492,42.289734,11.647172,13.181476,77.09
218,501,495,42.263667,12.308940,7.805119,76.50
219,558,497,42.233272,12.970034,4.725832,66.91
220,615,500,42.198559,13.630351,4.878581,32.38
221,672,504,42.159535,14.289790,3.672193,-127.77
222,729,507,42.116212,14.948250,8.475703,89.39
223,786,511,42.068600,15.605632,14.025615,78.49
224,843,516,42.016712,16.261837,11.525908,102.75
225,899,521,41.960561,16.916767,13.749578,105.19
226,955,526,41.900163,17.570326,11.870275,105.93
227,1012,531,41.835532,18.222419,10.217529,92.26
228,43,445,42.841242,6.995675,7.207929,-3.55
229,101,444,42.845637,7.665207,5.953713,2.91
230,158,444,42.845637,8.334792,8.498543,16.49
231,216,445,42.841242,9.004324,13.057195,34.65
232,274,445,42.832453,9.673694,0.362845,19.27
233,332,447,42.819274,10.342797,7.339044,81.15
234,389,448,42.801707,11.011524,10.329129,78.42
235,447,450,42.779756,11.679771,6.043348,61.41
236,505,452,42.753429,12.347429,4.359128,85.78
237,562,455,42.722731,13.014395,5.524381,53.30
238,620,458,42.687671,13.680564,3.876619,58.03
239,677,461,42.648259,14.345830,10.259634,98.19
240,734,465,42.604504,15.010092,12.335014,102.25
241,792,469,42.556419,15.673246,17.028160,86.41
242,849,474,42.504015,16.335192,15.446263,106.72
243,906,479,42.447308,16.995829,13.759441,103.51
244,963,484,42.386311,17.655059,11.775926,108.19
245,1020,490,42.321041,18.312784,7.706836,116.39
246,42,402,43.332365,6.986604,9.714727,1.19
247,100,402,43.336804,7.662183,7.926590,30.54
248,159,402,43.336804,8.337816,8.024659,23.62
249,217,402,43.332365,9.013395,11.232273,25.06
250,275,403,43.323489,9.688808,11.945489,37.21
251,333,404,43.310177,10.363946,9.521935,60.44
252,392,406,43.292434,11.038698,4.663249,65.60
253,450,408,43.270264,11.712957,4.678712,56.88
254,508,410,43.243673,12.386611,4.348614,84.66
255,566,413,43.212669,13.059554,7.309299,50.55
256,624,416,43.177259,13.731678,0.300203,37.85
257,682,419,43.137453,14.402875,9.988500,102.22
258,740,423,43.093262,15.073041,12.821506,98.39
259,798,427,43.044698,15.742069,13.802608,93.29
260,855,432,42.991774,16.409856,14.475259,106.48
261,913,437,42.934503,17.076299,7.315057,107.48
262,970,442,42.872901,17.741297,5.390508,117.40
263,1027,448,42.806984,18.404750,1.571061,100.54
264,41,360,43.823949,6.977368,1.913757,-5.16
265,100,359,43.828433,7.659103,1.211668,-14.77
266,159,359,43.828433,8.340896,9.975188,40.62
267,218,360,43.823949,9.022631,7.945012,30.77
268,277,361,43.814984,9.704197,8.739033,32.21
269,335,362,43.801539,10.385480,4.124688,59.48
270,394,363,43.783618,11.066367,3.099285,70.07
271,453,365,43.761226,11.746746,5.037522,73.21
272,512,368,43.734369,12.426505,6.868939,58.03
273,570,370,43.703054,13.105533,5.316180,70.31
274,629,373,43.667290,13.783719,5.404535,105.93
275,687,377,43.627087,14.460953,9.981330,100.69
276,745,381,43.582455,15.137127,12.283073,98.86
277,804,385,43.533406,15.812133,13.492105,101.46
278,862,390,43.479955,16.485864,9.488011,147.12
279,920,395,43.422114,17.158215,3.293164,165.20
280,978,400,43.359900,17.829081,4.610110,79.30
281,1036,406,43.293329,18.498361,4.934927,74.25
282,40,317,44.315964,6.967961,1.045356,50.30
283,100,317,44.320492,7.655967,1.646130,64.05
284,159,317,44.320492,8.344032,2.263878,-25.54
285,219,317,44.315964,9.032038,2.491456,48.73
286,278,318,44.306908,9.719869,4.208717,52.60
287,337,319,44.293328,10.407410,6.366620,47.15
288,397,321,44.275227,11.094544,4.696793,63.94
289,456,323,44.252610,11.781156,4.623398,61.30
290,515,325,44.225484,12.467130,7.683959,86.74
291,574,328,44.193855,13.152353,8.667192,92.66
292,633,331,44.157733,13.836711,8.625679,100.40
293,692,335,44.117127,14.520091,10.784731,92.31
294,751,338,44.072049,15.202381,8.544738,99.43
295,810,343,44.022511,15.883472,5.918559,112.66
296,869,347,43.968525,16.563252,7.227507,79.07
297,927,352,43.910108,17.241614,8.574022,76.79
298,986,358,43.847275,17.918452,7.791331,61.82
299,40,275,44.808376,6.958380,2.736653,1.94
300,99,275,44.812950,7.652773,0.938194,122.01
301,159,275,44.812950,8.347226,0.259899,50.93
302,219,275,44.808376,9.041619,0.875099,68.48
303,279,276,44.799229,9.735832,0.594709,-1.63
304,339,277,44.785512,10.429747,1.254251,-64.41
305,399,278,44.767229,11.123243,2.194405,-154.92
306,459,280,44.744385,11.816203,4.791159,105.28
307,519,283,44.716986,12.508507,9.354109,95.24
308,578,286,44.685040,13.200039,11.281056,92.63
309,638,289,44.648555,13.890682,10.606103,98.38
310,697,292,44.607542,14.580319,12.562209,140.17
311,757,296,44.562012,15.268837,5.351467,86.67
312,816,300,44.511978,15.956120,5.844532,74.63
313,875,305,44.457454,16.642058,5.664981,72.02
314,934,310,44.398453,17.326539,5.927290,77.67
315,993,316,44.334994,18.009453,3.544054,98.24
316,39,232,45.301153,6.948619,1.544296,-130.89
317,99,232,45.305773,7.649519,2.327853,-43.62
318,160,232,45.305773,8.350480,1.998352,54.49
319,220,232,45.301153,9.051380,2.436386,94.05
320,281,233,45.291914,9.752095,0.616519,74.59
321,341,234,45.278059,10.452502,2.221160,54.93
322,402,236,45.259591,11.152480,4.578151,-145.93
323,462,238,45.236517,11.851905,3.059988,-100.15
324,522,240,45.208842,12.550657,11.060699,90.94
325,582,243,45.176574,13.248614,13.095471,89.74
326,643,246,45.139723,13.945657,5.790283,97.85
327,703,250,45.098298,14.641667,6.152860,113.02
328,763,254,45.052311,15.336525,5.876955,76.62
329,823,258,45.001776,16.030115,4.839356,82.20
330,882,263,44.946705,16.722322,3.704115,113.79
331,942,268,44.887115,17.413031,4.132895,94.57
332,1001,274,44.823022,18.102129,4.797622,96.45
333,38,190,45.794262,6.938674,2.203245,12.95
334,99,189,45.798929,7.646203,4.215437,-118.45
335,160,189,45.798929,8.353796,1.161688,-8.09
336,221,190,45.794262,9.061325,1.645327,90.86
337,282,191,45.784930,9.768664,0.245069,134.62
338,343,192,45.770934,10.475687,0.766266,-55.21
339,404,193,45.752281,11.182268,1.554030,91.70
340,465,195,45.728973,11.888281,2.092427,-136.81
341,526,198,45.701019,12.593601,2.309642,-105.38
342,587,201,45.668426,13.298104,12.827702,98.58
343,647,204,45.631204,14.001667,5.127735,85.94
344,708,208,45.589362,14.704167,6.051894,72.79
345,769,212,45.542913,15.405482,1.127208,-126.79
346,829,216,45.491870,16.105494,3.658498,101.15
347,889,221,45.436247,16.804084,4.120679,133.72
348,949,226,45.376060,17.501133,0.896146,-11.65
349,1010,232,45.311326,18.196527,3.498985,84.04
350,37,147,46.287670,6.928539,0.961020,-47.74
351,99,147,46.292384,7.642824,0.814126,121.39
352,160,147,46.292384,8.357175,0.765013,-30.82
353,222,147,46.287670,9.071460,2.503960,-128.76
354,284,148,46.278243,9.785550,3.122798,-0.15
355,345,149,46.264106,10.499315,2.438158,32.67
356,407,151,46.245263,11.212625,2.320237,105.31
357,468,153,46.221720,11.925350,2.523396,69.65
358,530,155,46.193484,12.637363,1.218242,77.23
359,591,158,46.160561,13.348535,3.654126,89.41
360,652,161,46.122963,14.058739,3.575512,65.80
361,714,165,46.080699,14.767850,0.503676,-151.97
362,775,169,46.033783,15.475744,1.653952,160.27
363,836,174,45.982226,16.182296,2.066832,109.69
364,897,178,45.926044,16.887385,4.413329,120.33
365,957,184,45.865253,17.590891,3.723530,123.98
366,1018,189,45.799870,18.292694,3.711562,121.61
367,36,105,46.781342,6.918208,2.942506,59.67
368,98,104,46.786104,7.639380,2.490093,-155.77
369,161,104,46.786104,8.360619,1.957669,96.28
370,223,105,46.781342,9.081791,0.745468,-153.18
371,285,105,46.771820,9.802762,1.037509,116.03
372,347,107,46.757540,10.523398,2.421465,-39.27
373,409,108,46.738506,11.243565,4.004326,-130.21
374,472,110,46.714724,11.963132,0.604600,57.93
375,534,113,46.686201,12.681965,2.184662,66.31
376,596,116,46.652946,13.399932,3.511113,69.05
377,657,119,46.614967,14.116905,1.425728,-126.25
378,719,123,46.572277,14.832752,0.656315,-132.64
379,781,127,46.524886,15.547347,2.277129,140.04
380,842,131,46.472810,16.260561,3.672277,104.62
381,904,136,46.416062,16.972271,5.022051,107.31
382,965,141,46.354660,17.682351,5.243184,110.42
383,1026,147,46.288621,18.390681,5.128139,98.04
384,35,62,47.275246,6.907676,2.308796,43.51
385,98,62,47.280056,7.635869,0.592892,-69.69
386,161,62,47.280056,8.364130,0.846397,63.79
387,224,62,47.275246,9.092323,1.312663,56.71
388,287,63,47.265626,9.820308,0.551713,-31.88
389,349,64,47.251201,10.547949,0.676834,54.27
390,412,66,47.231974,11.275108,1.596165,104.61
391,475,68,47.207951,12.001647,1.735717,179.37
392,537,70,47.179138,12.727432,0.937328,-53.88
393,600,73,47.145545,13.452326,2.857165,-30.08
394,663,77,47.107182,14.176196,0.535883,-158.13
395,725,80,47.064059,14.898907,0.696320,-29.80
396,787,84,47.016189,15.620330,1.155740,-163.08
397,849,89,46.963586,16.340332,1.012447,-176.94
398,911,94,46.906266,17.058785,3.332908,122.43
399,973,99,46.844245,17.775563,3.422980,113.37
400,1035,105,46.777541,18.490539,3.779906,118.41
401,34,19,47.769345,6.896937,2.218925,27.48
402,98,19,47.774205,7.632288,1.782117,78.25
403,161,19,47.774205,8.367711,1.882020,27.16
404,225,19,47.769345,9.103062,1.968225,68.22
405,288,20,47.759628,9.838200,1.324324,104.88
406,352,21,47.745056,10.572983,1.139094,125.07
407,415,23,47.725632,11.307269,1.726236,123.76
408,478,25,47.701364,12.040918,1.673814,92.28
409,541,28,47.672259,12.773790,1.363086,92.35
410,605,31,47.638324,13.505744,1.032176,-10.65
411,668,34,47.599571,14.236644,1.954968,-92.87
412,731,38,47.556010,14.966352,3.179539,-65.91
413,794,42,47.507655,15.694733,1.062462,-23.76
414,856,47,47.454520,16.421652,1.572837,-132.56
415,919,52,47.396620,17.146976,1.950345,163.64
416,981,57,47.333973,17.870576,4.235114,106.76
417,800,0,47.999249,15.770598,1.349519,-6.96
418,863,4,47.945575,16.504566,0.839213,-53.45
419,927,9,47.887088,17.236892,3.458056,175.13
420,990,15,47.823807,17.967443,3.312100,170.62
