vector_id,pixel_x,pixel_y,latitude,longitude,magnitude,alpha_deg
0,0,992,36.504607,6.500736,23.921345,-8.83
1,52,991,36.512337,7.100364,19.952585,-10.34
2,104,991,36.516202,7.700108,19.954853,-5.85
3,155,991,36.516202,8.299891,21.875246,-4.23
4,207,991,36.512337,8.899635,22.892557,9.66
5,259,992,36.504607,9.499263,23.934837,31.78
6,51,949,36.994759,7.093092,23.131142,-5.74
7,103,949,36.998662,7.697684,18.429052,0.08
8,156,949,36.998662,8.302315,21.537743,-1.67
9,208,949,36.994759,8.906907,23.742313,2.69
10,260,950,36.986953,9.511380,24.456978,25.86
11,312,951,36.975246,10.115655,24.075348,33.71
12,364,952,36.959642,10.719655,22.521143,32.91
13,416,954,36.940143,11.323300,22.302980,33.54
14,468,956,36.916755,11.926512,20.242338,33.83
15,520,958,36.889483,12.529213,15.554875,36.71
16,572,961,36.858333,13.131326,16.270741,30.72
17,624,964,36.823313,13.732773,18.062975,30.46
18,676,967,36.784431,14.333479,19.186569,27.37
19,728,971,36.741697,14.933367,20.253166,29.02
20,780,975,36.695120,15.532361,18.747334,29.18
21,831,980,36.644711,16.130388,19.480528,35.03
22,883,984,36.590482,16.727372,19.166307,35.10
23,934,989,36.532447,17.323242,18.250149,35.37
24,51,908,37.478018,7.085702,24.759626,-1.08
25,103,907,37.481960,7.695220,21.751316,0.06
26,156,907,37.481960,8.304779,21.176266,7.03
27,208,908,37.478018,8.914297,23.530905,4.91
28,261,908,37.470135,9.523694,23.840670,9.79
29,314,909,37.458313,10.132888,27.424942,35.15
30,366,911,37.442554,10.741800,24.640413,31.67
31,419,912,37.422863,11.350348,24.089928,35.57
32,471,914,37.399244,11.958453,21.416685,36.00
33,524,917,37.371703,12.566034,17.958130,39.88
34,576,919,37.340247,13.173013,18.195362,36.24
35,628,923,37.304882,13.779310,18.368645,30.22
36,681,926,37.265618,14.384847,20.669901,29.27
37,733,930,37.222464,14.989545,16.283888,23.66
38,785,934,37.175430,15.593329,19.664021,26.08
39,837,938,37.124526,16.196122,20.037193,34.34
40,889,943,37.069766,16.797847,19.900927,36.79
41,941,948,37.011162,17.398431,19.365292,37.20
42,992,953,36.948729,17.997799,17.863335,37.38
43,50,866,37.962086,7.078190,27.318157,1.23
44,103,865,37.966067,7.692716,23.070650,4.57
45,156,865,37.966067,8.307283,21.832253,9.81
46,209,866,37.962087,8.921809,22.913382,8.76
47,262,866,37.954126,9.536210,24.490776,12.17
48,315,868,37.942187,10.150404,25.564079,25.80
49,368,869,37.926273,10.764308,27.825420,40.14
50,421,871,37.906387,11.377840,24.495007,35.80
51,474,873,37.882536,11.990917,23.358742,39.66
52,527,875,37.854723,12.603458,21.546926,39.71
53,580,878,37.822957,13.215381,18.262894,35.34
54,632,881,37.787244,13.826606,14.772901,22.29
55,685,884,37.747593,14.437052,12.984126,10.73
56,738,888,37.704015,15.046639,12.654518,18.18
57,790,892,37.656518,15.655289,17.792372,26.51
58,843,897,37.605115,16.262924,20.698095,32.35
59,895,901,37.549818,16.869465,20.858269,40.79
60,947,906,37.490640,17.474836,19.821959,39.49
61,999,912,37.427595,18.078962,18.745031,38.79
62,49,824,38.446939,7.070554,26.861237,6.78
63,103,824,38.450959,7.690170,25.610348,6.25
64,156,824,38.450959,8.309829,23.645781,10.00
65,210,824,38.446939,8.929445,24.376972,13.84
66,263,825,38.438899,9.548934,24.334291,14.68
67,317,826,38.426842,10.168210,24.684578,15.69
68,370,827,38.410771,10.787189,29.272743,35.94
69,423,829,38.390689,11.405787,27.329304,40.87
70,477,831,38.366602,12.023918,23.962910,38.21
71,530,833,38.338515,12.641500,22.049110,40.11
72,583,836,38.306435,13.258449,16.678909,41.20
73,637,839,38.270370,13.874681,14.867541,33.66
74,690,843,38.230329,14.490116,14.622178,29.11
75,743,846,38.186321,15.104671,17.500017,28.95
76,796,851,38.138358,15.718265,18.834393,29.15
77,848,855,38.086450,16.330818,18.758467,32.47
78,901,860,38.030610,16.942252,20.094488,40.21
79,954,865,37.970852,17.552486,19.580015,43.60
80,1006,871,37.907190,18.161445,19.231678,41.93
81,49,782,38.932547,7.062790,25.313683,2.01
82,102,782,38.936607,7.687582,25.610147,7.72
83,156,782,38.936607,8.312417,23.201509,12.36
84,210,782,38.932547,8.937209,24.136333,17.41
85,264,783,38.924428,9.561870,23.227255,20.41
86,318,784,38.912252,10.186313,25.747253,18.92
87,372,785,38.896022,10.810452,26.123547,32.21
88,426,787,38.875741,11.434199,30.414465,39.76
89,480,789,38.851416,12.057469,23.525797,41.70
90,533,791,38.823051,12.680175,23.443684,39.55
91,587,794,38.790655,13.302232,17.585449,45.05
92,641,797,38.754234,13.923555,15.607578,37.45
93,694,801,38.713798,14.544060,15.349631,31.24
94,748,805,38.669357,15.163663,16.823355,28.38
95,801,809,38.620921,15.782282,17.111826,32.77
96,854,813,38.568503,16.399834,19.405573,37.89
97,908,818,38.512115,17.016237,19.212734,40.86
98,961,824,38.451770,17.631413,20.065928,48.30
99,1014,829,38.387484,18.245281,19.128733,44.53
100,48,740,39.418884,7.054895,28.294449,9.93
101,102,740,39.422985,7.684950,24.755672,18.84
102,157,740,39.422985,8.315049,24.527355,19.46
103,211,740,39.418884,8.945104,24.093563,18.45
104,265,741,39.410685,9.575024,22.959333,19.87
105,320,742,39.398388,10.204721,24.597374,22.39
106,374,743,39.381997,10.834106,25.340969,35.11
107,428,745,39.361516,11.463089,28.779621,38.46
108,483,747,39.336950,12.091583,25.782524,46.81
109,537,750,39.308305,12.719499,24.251637,38.95
110,591,752,39.275588,13.346749,19.286190,45.47
111,645,756,39.238808,13.973247,17.138739,42.13
112,699,759,39.197973,14.598906,16.761915,33.84
113,753,763,39.153093,15.223640,16.396091,25.85
114,807,767,39.104181,15.847365,17.568310,34.56
115,861,772,39.051246,16.469997,18.688408,41.54
116,914,777,38.994304,17.091452,18.949539,43.21
117,968,782,38.933366,17.711647,20.157595,45.80
118,1021,788,38.868450,18.330503,18.423359,48.27
119,47,698,39.905922,7.046866,25.673861,13.05
120,102,698,39.910063,7.682273,24.556068,20.83
121,157,698,39.910063,8.317726,24.536201,29.20
122,212,698,39.905922,8.953133,24.487995,25.15
123,267,699,39.897641,9.588402,21.120052,28.43
124,321,700,39.885223,10.223442,24.852654,25.20
125,376,701,39.868669,10.858161,23.809740,32.31
126,431,703,39.847985,11.492469,26.565306,40.55
127,486,705,39.823176,12.126275,26.605043,48.96
128,540,708,39.794247,12.759488,24.663218,41.37
129,595,711,39.761207,13.392019,21.369259,43.91
130,649,714,39.724063,14.023777,18.754398,43.92
131,704,717,39.682824,14.654676,18.458971,34.11
132,758,721,39.637502,15.284627,17.629192,31.83
133,812,725,39.588107,15.913542,19.932693,32.90
134,867,730,39.534651,16.541337,16.382994,44.57
135,921,735,39.477148,17.167925,19.643618,47.82
136,975,740,39.415612,17.793222,20.055082,48.02
137,1029,746,39.350057,18.417146,20.203741,50.14
138,46,656,40.393632,7.038700,24.456944,16.27
139,102,656,40.397814,7.679551,23.973248,23.46
140,157,656,40.397814,8.320448,24.512789,33.97
141,212,656,40.393632,8.961299,24.688213,29.76
142,268,657,40.385269,9.602008,22.684025,34.18
143,323,658,40.372727,10.242483,23.701113,31.53
144,378,659,40.356009,10.882628,23.546600,34.78
145,433,661,40.335120,11.522352,25.577862,40.83
146,489,663,40.310065,12.161560,26.248411,49.98
147,544,666,40.280850,12.800160,23.926241,45.29
148,599,669,40.247482,13.438060,22.489958,43.41
149,654,672,40.209970,14.075169,20.995337,45.11
150,709,675,40.168324,14.711395,22.044783,38.59
151,764,679,40.122554,15.346649,21.570749,37.33
152,818,684,40.072671,15.980841,18.784697,32.23
153,873,688,40.018688,16.613884,17.259731,43.35
154,927,693,39.960618,17.245689,18.276419,44.60
155,982,699,39.898477,17.876171,20.052841,49.18
156,46,614,40.881986,7.030393,21.923372,18.21
157,102,613,40.886209,7.676781,23.425034,21.15
158,157,613,40.886209,8.323218,23.690775,36.79
159,213,614,40.881986,8.969606,25.802687,32.80
160,269,615,40.873539,9.615850,23.298475,38.23
161,325,616,40.860873,10.261853,22.565214,36.15
162,380,617,40.843989,10.907518,21.487543,35.45
163,436,619,40.822892,11.552749,24.130527,39.61
164,492,621,40.797588,12.197453,26.557022,47.99
165,547,624,40.768083,12.841532,23.979927,49.31
166,603,627,40.734384,13.484893,24.523447,45.99
167,658,630,40.696501,14.127442,22.877932,44.32
168,714,633,40.654442,14.769086,23.432310,38.08
169,769,637,40.608219,15.409732,21.384796,37.95
170,824,642,40.557843,16.049290,14.795532,39.99
171,879,646,40.503328,16.687668,16.848969,40.61
172,934,652,40.444685,17.324777,19.321838,46.04
173,989,657,40.381932,17.960528,20.082588,49.31
174,45,572,41.370953,7.021940,21.991182,20.83
175,101,571,41.375219,7.673963,23.484795,25.35
176,158,571,41.375219,8.326036,24.834919,38.80
177,214,572,41.370953,8.978059,25.657536,34.19
178,270,572,41.362423,9.629933,24.092409,38.66
179,326,573,41.349630,10.281560,22.941034,39.27
180,383,575,41.332578,10.932840,21.197636,36.43
181,439,577,41.311272,11.583676,22.852848,41.55
182,495,579,41.285716,12.233969,25.820190,49.17
183,551,582,41.255918,12.883622,24.794868,49.81
184,607,584,41.221885,13.532538,25.223530,46.41
185,663,588,41.183626,14.180621,24.500677,47.12
186,719,591,41.141150,14.827775,24.567558,43.12
187,775,595,41.094469,15.473905,18.759422,44.29
188,830,600,41.043595,16.118918,14.008042,48.19
189,886,605,40.988540,16.762721,14.668673,41.23
190,941,610,40.929319,17.405222,17.457718,46.98
191,997,615,40.865946,18.046331,18.396780,50.81
192,44,529,41.860505,7.013339,21.070620,29.70
193,101,529,41.864814,7.671096,21.241516,32.49
194,158,529,41.864814,8.328903,24.200090,38.62
195,215,529,41.860505,8.986660,25.535877,35.24
196,271,530,41.851890,9.644264,23.069090,38.34
197,328,531,41.838970,10.301613,23.092539,40.04
198,385,533,41.821748,10.958608,22.473553,40.31
199,441,535,41.800229,11.615145,23.566225,41.10
200,498,537,41.774419,12.271126,24.089161,46.10
201,555,539,41.744325,12.926450,26.977657,48.56
202,611,542,41.709953,13.581017,25.685801,49.95
203,668,546,41.671314,14.234729,25.878040,47.68
204,724,549,41.628417,14.887487,22.688175,46.05
205,780,553,41.581273,15.539195,15.997841,46.40
206,836,558,41.529895,16.189756,15.719772,48.14
207,892,563,41.474295,16.839076,15.263532,43.98
208,948,568,41.414489,17.487060,19.074776,49.99
209,1004,573,41.350490,18.133615,19.300011,50.92
210,44,487,42.350612,7.004586,21.835905,26.28
211,101,487,42.354963,7.668177,21.590265,25.82
212,158,487,42.354963,8.331821,23.723543,37.85
213,215,487,42.350612,8.995413,23.144360,36.50
214,273,488,42.341910,9.658848,21.006048,36.16
215,330,489,42.328861,10.322022,21.173908,37.85
216,387,490,42.311468,10.984832,22.993784,42.12
217,444,492,42.289734,11.647172,24.969639,40.38
218,501,495,42.263667,12.308940,24.458261,45.73
219,558,497,42.233272,12.970034,27.934074,52.08
220,615,500,42.198559,13.630351,24.289072,48.34
221,672,504,42.159535,14.289790,17.070837,46.13
222,729,507,42.116212,14.948250,18.441256,56.05
223,786,511,42.068600,15.605632,17.649874,57.01
224,843,516,42.016712,16.261837,20.415628,49.28
225,899,521,41.960561,16.916767,17.329224,52.22
226,955,526,41.900163,17.570326,18.473467,45.00
227,1012,531,41.835532,18.222419,19.892347,50.83
228,43,445,42.841242,6.995675,20.034082,31.82
229,101,444,42.845637,7.665207,22.121923,31.90
230,158,444,42.845637,8.334792,24.388531,42.72
231,216,445,42.841242,9.004324,23.574686,39.57
232,274,445,42.832453,9.673694,22.007856,38.14
233,332,447,42.819274,10.342797,21.470188,38.31
234,389,448,42.801707,11.011524,23.531082,45.65
235,447,450,42.779756,11.679771,27.516426,43.30
236,505,452,42.753429,12.347429,25.541895,46.69
237,562,455,42.722731,13.014395,26.547924,53.92
238,620,458,42.687671,13.680564,21.163095,55.01
239,677,461,42.648259,14.345830,19.824173,54.95
240,734,465,42.604504,15.010092,20.717413,54.15
241,792,469,42.556419,15.673246,20.521225,52.19
242,849,474,42.504015,16.335192,18.141390,50.22
243,906,479,42.447308,16.995829,19.007591,46.79
244,963,484,42.386311,17.655059,20.703497,49.85
245,1020,490,42.321041,18.312784,21.014530,50.34
246,42,402,43.332365,6.986604,18.416426,34.80
247,100,402,43.336804,7.662183,20.278389,37.61
248,159,402,43.336804,8.337816,22.709295,42.17
249,217,402,43.332365,9.013395,24.010597,41.85
250,275,403,43.323489,9.688808,22.257923,40.43
251,333,404,43.310177,10.363946,22.010403,39.01
252,392,406,43.292434,11.038698,22.991156,46.28
253,450,408,43.270264,11.712957,26.571705,48.29
254,508,410,43.243673,12.386611,25.535608,50.04
255,566,413,43.212669,13.059554,26.835958,53.65
256,624,416,43.177259,13.731678,20.840527,57.36
257,682,419,43.137453,14.402875,21.093933,55.20
258,740,423,43.093262,15.073041,22.926659,54.24
259,798,427,43.044698,15.742069,20.727251,51.61
260,855,432,42.991774,16.409856,19.805553,48.68
261,913,437,42.934503,17.076299,20.643002,46.31
262,970,442,42.872901,17.741297,21.893595,42.92
263,1027,448,42.806984,18.404750,21.831203,48.72
264,41,360,43.823949,6.977368,19.875910,36.85
265,100,359,43.828433,7.659103,19.172173,37.31
266,159,359,43.828433,8.340896,21.135620,50.39
267,218,360,43.823949,9.022631,23.454351,49.29
268,277,361,43.814984,9.704197,22.098043,43.37
269,335,362,43.801539,10.385480,21.756697,47.07
270,394,363,43.783618,11.066367,24.952940,51.02
271,453,365,43.761226,11.746746,24.856342,53.08
272,512,368,43.734369,12.426505,24.255209,53.24
273,570,370,43.703054,13.105533,24.485216,59.86
274,629,373,43.667290,13.783719,23.329128,56.80
275,687,377,43.627087,14.460953,23.567764,51.44
276,745,381,43.582455,15.137127,22.303089,51.31
277,804,385,43.533406,15.812133,21.866880,51.05
278,862,390,43.479955,16.485864,22.345982,49.27
279,920,395,43.422114,17.158215,21.950630,46.40
280,978,400,43.359900,17.829081,22.957787,42.73
281,1036,406,43.293329,18.498361,23.059034,43.70
282,40,317,44.315964,6.967961,21.674217,44.50
283,100,317,44.320492,7.655967,18.618092,44.41
284,159,317,44.320492,8.344032,21.168055,54.17
285,219,317,44.315964,9.032038,23.792212,50.63
286,278,318,44.306908,9.719869,23.396872,55.17
287,337,319,44.293328,10.407410,23.044226,47.23
288,397,321,44.275227,11.094544,20.388403,48.02
289,456,323,44.252610,11.781156,24.133951,55.87
290,515,325,44.225484,12.467130,23.542671,58.79
291,574,328,44.193855,13.152353,24.860624,58.87
292,633,331,44.157733,13.836711,23.611406,58.03
293,692,335,44.117127,14.520091,25.274076,52.75
294,751,338,44.072049,15.202381,24.138844,49.83
295,810,343,44.022511,15.883472,22.655725,47.31
296,869,347,43.968525,16.563252,23.611046,45.03
297,927,352,43.910108,17.241614,21.396151,41.73
298,986,358,43.847275,17.918452,20.628210,39.48
299,40,275,44.808376,6.958380,20.214668,48.12
300,99,275,44.812950,7.652773,20.329758,48.96
301,159,275,44.812950,8.347226,21.612011,54.14
302,219,275,44.808376,9.041619,23.359547,58.29
303,279,276,44.799229,9.735832,21.665560,52.39
304,339,277,44.785512,10.429747,22.515207,57.44
305,399,278,44.767229,11.123243,23.862696,52.54
306,459,280,44.744385,11.816203,23.090977,57.88
307,519,283,44.716986,12.508507,23.864222,60.24
308,578,286,44.685040,13.200039,25.761440,59.41
309,638,289,44.648555,13.890682,26.069719,57.34
310,697,292,44.607542,14.580319,27.562748,53.69
311,757,296,44.562012,15.268837,25.704592,50.82
312,816,300,44.511978,15.956120,24.174189,46.19
313,875,305,44.457454,16.642058,18.744566,38.24
314,934,310,44.398453,17.326539,18.837856,35.28
315,993,316,44.334994,18.009453,17.533974,26.81
316,39,232,45.301153,6.948619,23.394970,49.06
317,99,232,45.305773,7.649519,24.206844,52.64
318,160,232,45.305773,8.350480,22.761650,59.57
319,220,232,45.301153,9.051380,24.247593,65.74
320,281,233,45.291914,9.752095,20.298178,53.01
321,341,234,45.278059,10.452502,22.234554,58.67
322,402,236,45.259591,11.152480,23.792719,55.50
323,462,238,45.236517,11.851905,21.226707,56.80
324,522,240,45.208842,12.550657,23.927504,58.81
325,582,243,45.176574,13.248614,23.481064,56.39
326,643,246,45.139723,13.945657,26.746365,53.98
327,703,250,45.098298,14.641667,27.893604,52.30
328,763,254,45.052311,15.336525,25.780109,50.12
329,823,258,45.001776,16.030115,20.724701,45.17
330,882,263,44.946705,16.722322,19.837704,46.32
331,942,268,44.887115,17.413031,17.316540,42.46
332,1001,274,44.823022,18.102129,18.854836,41.52
333,38,190,45.794262,6.938674,25.850151,57.45
334,99,189,45.798929,7.646203,19.405237,52.97
335,160,189,45.798929,8.353796,24.303200,61.81
336,221,190,45.794262,9.061325,23.595846,62.87
337,282,191,45.784930,9.768664,22.185616,62.11
338,343,192,45.770934,10.475687,20.540314,58.04
339,404,193,45.752281,11.182268,22.483580,57.48
340,465,195,45.728973,11.888281,19.945438,63.27
341,526,198,45.701019,12.593601,24.620306,60.30
342,587,201,45.668426,13.298104,23.018280,54.75
343,647,204,45.631204,14.001667,24.853136,47.92
344,708,208,45.589362,14.704167,23.959747,49.62
345,769,212,45.542913,15.405482,21.796091,48.75
346,829,216,45.491870,16.105494,19.508917,43.51
347,889,221,45.436247,16.804084,19.680573,45.69
348,949,226,45.376060,17.501133,19.764091,42.33
349,1010,232,45.311326,18.196527,17.717569,42.66
350,37,147,46.287670,6.928539,26.412117,63.08
351,99,147,46.292384,7.642824,17.654745,67.41
352,160,147,46.292384,8.357175,26.252031,62.59
353,222,147,46.287670,9.071460,25.703098,60.90
354,284,148,46.278243,9.785550,23.171677,66.15
355,345,149,46.264106,10.499315,21.363213,63.17
356,407,151,46.245263,11.212625,21.489283,64.95
357,468,153,46.221720,11.925350,24.703106,67.10
358,530,155,46.193484,12.637363,23.047419,61.98
359,591,158,46.160561,13.348535,23.678057,53.84
360,652,161,46.122963,14.058739,22.590105,46.77
361,714,165,46.080699,14.767850,25.206646,51.39
362,775,169,46.033783,15.475744,23.594143,47.61
363,836,174,45.982226,16.182296,19.706003,49.96
364,897,178,45.926044,16.887385,17.644567,52.48
365,957,184,45.865253,17.590891,20.234856,43.97
366,1018,189,45.799870,18.292694,18.166958,45.18
367,36,105,46.781342,6.918208,28.591734,67.23
368,98,104,46.786104,7.639380,18.690985,68.51
369,161,104,46.786104,8.360619,19.733068,61.91
370,223,105,46.781342,9.081791,25.783575,57.10
371,285,105,46.771820,9.802762,25.140625,58.36
372,347,107,46.757540,10.523398,19.825451,56.85
373,409,108,46.738506,11.243565,20.988846,66.08
374,472,110,46.714724,11.963132,23.613728,67.67
375,534,113,46.686201,12.681965,24.886005,65.44
376,596,116,46.652946,13.399932,23.284790,51.69
377,657,119,46.614967,14.116905,22.814697,48.59
378,719,123,46.572277,14.832752,22.299047,45.08
379,781,127,46.524886,15.547347,21.676905,43.78
380,842,131,46.472810,16.260561,18.188002,51.45
381,904,136,46.416062,16.972271,18.264315,56.89
382,965,141,46.354660,17.682351,18.261793,49.09
383,1026,147,46.288621,18.390681,17.686460,44.73
384,35,62,47.275246,6.907676,29.007128,70.75
385,98,62,47.280056,7.635869,19.186844,67.09
386,161,62,47.280056,8.364130,14.708231,67.34
387,224,62,47.275246,9.092323,16.374268,60.06
388,287,63,47.265626,9.820308,20.477428,53.16
389,349,64,47.251201,10.547949,18.433947,54.16
390,412,66,47.231974,11.275108,18.594193,53.49
391,475,68,47.207951,12.001647,20.737123,51.97
392,537,70,47.179138,12.727432,20.515284,46.40
393,600,73,47.145545,13.452326,21.756577,49.44
394,663,77,47.107182,14.176196,23.526714,48.56
395,725,80,47.064059,14.898907,23.410400,47.47
396,787,84,47.016189,15.620330,20.528425,58.75
397,849,89,46.963586,16.340332,18.014599,63.02
398,911,94,46.906266,17.058785,17.359653,55.94
399,973,99,46.844245,17.775563,16.731915,48.61
400,1035,105,46.777541,18.490539,16.359203,49.54
401,34,19,47.769345,6.896937,28.015518,68.01
402,98,19,47.774205,7.632288,17.596008,67.72
403,161,19,47.774205,8.367711,20.446619,59.81
404,225,19,47.769345,9.103062,16.352276,52.82
405,288,20,47.759628,9.838200,12.466118,55.00
406,352,21,47.745056,10.572983,15.634665,57.03
407,415,23,47.725632,11.307269,17.230598,50.94
408,478,25,47.701364,12.040918,16.778933,57.74
409,541,28,47.672259,12.773790,23.350883,50.46
410,605,31,47.638324,13.505744,23.053114,41.93
411,668,34,47.599571,14.236644,21.965725,46.89
412,731,38,47.556010,14.966352,19.579060,40.89
413,794,42,47.507655,15.694733,19.503540,63.67
414,856,47,47.454520,16.421652,14.841441,66.82
415,919,52,47.396620,17.146976,14.284458,53.13
416,981,57,47.333973,17.870576,14.828785,49.35
417,800,0,47.999249,15.770598,15.839544,61.40
418,863,4,47.945575,16.504566,13.389270,75.09
419,927,9,47.887088,17.236892,14.067978,56.46
420,990,15,47.823807,17.967443,13.843925,50.30
