vector_id,pixel_x,pixel_y,latitude,longitude,magnitude,alpha_deg
0,0,616,36.504607,6.500736,14.169341,-36.43
1,32,615,36.512337,7.100364,15.191745,-43.72
2,64,615,36.516202,7.700108,15.756566,-40.46
3,96,615,36.516202,8.299891,14.034008,-43.12
4,129,615,36.512337,8.899635,14.700303,-60.50
5,161,616,36.504607,9.499263,16.017929,-71.37
6,32,589,36.994759,7.093092,14.966482,-38.23
7,64,589,36.998662,7.697684,15.201383,-39.72
8,97,589,36.998662,8.302315,15.166132,-37.77
9,129,589,36.994759,8.906907,12.911138,-55.33
10,161,590,36.986953,9.511380,14.571918,-65.96
11,194,591,36.975246,10.115655,15.869205,-71.26
12,226,591,36.959642,10.719655,18.668461,-78.93
13,258,592,36.940143,11.323300,21.040651,-89.11
14,291,594,36.916755,11.926512,22.303165,-95.86
15,323,595,36.889483,12.529213,22.753992,-104.13
16,355,597,36.858333,13.131326,21.143780,-104.88
17,387,599,36.823313,13.732773,12.018167,-83.82
18,420,601,36.784431,14.333479,8.989076,-39.82
19,452,603,36.741697,14.933367,8.888383,-36.15
20,484,606,36.695120,15.532361,6.764285,-35.98
21,516,608,36.644711,16.130388,5.097822,-53.44
22,548,611,36.590482,16.727372,5.567810,-67.70
23,580,614,36.532447,17.323242,5.528445,-85.95
24,31,564,37.478018,7.085702,16.307064,-28.74
25,64,563,37.481960,7.695220,15.104881,-36.95
26,97,563,37.481960,8.304779,15.686934,-36.45
27,129,564,37.478018,8.914297,12.089655,-47.39
28,162,564,37.470135,9.523694,13.238457,-59.74
29,195,565,37.458313,10.132888,15.025573,-66.90
30,227,566,37.442554,10.741800,17.222834,-73.44
31,260,567,37.422863,11.350348,19.562565,-84.36
32,292,568,37.399244,11.958453,20.017797,-93.45
33,325,569,37.371703,12.566034,20.920855,-101.14
34,357,571,37.340247,13.173013,23.355406,-109.79
35,390,573,37.304882,13.779310,18.196035,-105.84
36,422,575,37.265618,14.384847,9.695138,-71.61
37,455,577,37.222464,14.989545,8.539324,-42.11
38,487,580,37.175430,15.593329,6.633142,-22.10
39,519,583,37.124526,16.196122,6.903574,-36.08
40,552,585,37.069766,16.797847,7.066042,-43.35
41,584,589,37.011162,17.398431,7.540071,-64.13
42,616,592,36.948729,17.997799,6.970079,-66.45
43,31,538,37.962086,7.078190,16.196342,-23.01
44,64,537,37.966067,7.692716,15.481221,-30.56
45,97,537,37.966067,8.307283,16.258055,-33.06
46,130,538,37.962087,8.921809,11.562143,-36.11
47,163,538,37.954126,9.536210,12.136003,-50.61
48,196,539,37.942187,10.150404,14.374356,-60.34
49,228,540,37.926273,10.764308,15.837076,-66.42
50,261,541,37.906387,11.377840,17.371824,-77.53
51,294,542,37.882536,11.990917,18.443701,-90.68
52,327,543,37.854723,12.603458,19.865665,-95.61
53,360,545,37.822957,13.215381,23.052319,-105.19
54,392,547,37.787244,13.826606,22.016186,-110.76
55,425,549,37.747593,14.437052,17.656111,-107.48
56,458,552,37.704015,15.046639,9.742565,-62.30
57,490,554,37.656518,15.655289,8.126098,-34.82
58,523,557,37.605115,16.262924,8.081843,-39.33
59,555,560,37.549818,16.869465,8.265391,-41.29
60,588,563,37.490640,17.474836,8.871378,-44.43
61,620,566,37.427595,18.078962,8.823567,-45.85
62,31,512,38.446939,7.070554,15.644493,-19.58
63,64,511,38.450959,7.690170,15.235055,-24.93
64,97,511,38.450959,8.309829,15.929023,-28.61
65,130,512,38.446939,8.929445,11.441664,-27.62
66,163,512,38.438899,9.548934,11.497881,-42.18
67,196,513,38.426842,10.168210,13.400366,-53.70
68,230,514,38.410771,10.787189,14.476397,-60.86
69,263,515,38.390689,11.405787,15.940311,-72.94
70,296,516,38.366602,12.023918,17.070623,-83.53
71,329,518,38.338515,12.641500,18.108789,-89.63
72,362,519,38.306435,13.258449,21.047588,-102.01
73,395,521,38.270370,13.874681,21.686220,-108.32
74,428,523,38.230329,14.490116,19.596275,-110.03
75,461,526,38.186321,15.104671,15.485739,-99.56
76,494,528,38.138358,15.718265,9.935997,-60.96
77,527,531,38.086450,16.330818,9.472500,-27.86
78,559,534,38.030610,16.942252,8.411328,-27.97
79,592,537,37.970852,17.552486,8.644184,-34.86
80,625,541,37.907190,18.161445,8.676416,-29.75
81,30,486,38.932547,7.062790,14.208558,-15.86
82,64,485,38.936607,7.687582,14.767687,-20.92
83,97,485,38.936607,8.312417,15.152723,-24.45
84,131,486,38.932547,8.937209,11.723289,-21.39
85,164,486,38.924428,9.561870,11.207289,-40.01
86,197,487,38.912252,10.186313,12.523329,-45.67
87,231,488,38.896022,10.810452,12.611845,-56.35
88,264,489,38.875741,11.434199,15.294193,-66.56
89,298,490,38.851416,12.057469,15.324157,-74.77
90,331,492,38.823051,12.680175,16.171457,-86.75
91,364,493,38.790655,13.302232,18.047476,-96.58
92,398,495,38.754234,13.923555,20.010063,-105.12
93,431,497,38.713798,14.544060,20.739969,-108.39
94,464,500,38.669357,15.163663,19.200125,-108.86
95,497,502,38.620921,15.782282,15.242715,-106.61
96,530,505,38.568503,16.399834,8.385325,-55.06
97,563,508,38.512115,17.016237,9.329469,-26.45
98,596,511,38.451770,17.631413,8.609951,-27.49
99,629,515,38.387484,18.245281,9.311125,-14.77
100,30,460,39.418884,7.054895,12.986091,-13.66
101,63,459,39.422985,7.684950,13.765752,-16.39
102,97,459,39.422985,8.315049,13.867965,-19.14
103,131,460,39.418884,8.945104,12.287823,-17.24
104,165,460,39.410685,9.575024,10.623060,-37.80
105,198,461,39.398388,10.204721,11.677272,-37.73
106,232,462,39.381997,10.834106,11.858980,-51.34
107,266,463,39.361516,11.463089,14.238341,-59.83
108,300,464,39.336950,12.091583,14.157916,-67.99
109,333,466,39.308305,12.719499,14.910490,-78.98
110,367,467,39.275588,13.346749,15.634018,-90.95
111,400,469,39.238808,13.973247,18.197899,-101.89
112,434,471,39.197973,14.598906,19.694792,-104.04
113,467,474,39.153093,15.223640,19.591267,-108.92
114,501,477,39.104181,15.847365,17.740774,-112.52
115,534,479,39.051246,16.469997,14.816442,-108.72
116,567,482,38.994304,17.091452,6.470505,-74.64
117,601,486,38.933366,17.711647,6.978257,-39.71
118,634,489,38.868450,18.330503,7.859894,-22.51
119,29,434,39.905922,7.046866,13.272175,-9.77
120,63,433,39.910063,7.682273,13.810169,-11.30
121,97,433,39.910063,8.317726,13.407618,-9.94
122,131,434,39.905922,8.953133,13.148625,-12.69
123,165,434,39.897641,9.588402,10.786279,-33.21
124,199,435,39.885223,10.223442,11.787834,-36.58
125,233,436,39.868669,10.858161,11.842257,-47.39
126,267,437,39.847985,11.492469,13.009978,-55.41
127,301,438,39.823176,12.126275,13.458869,-60.18
128,335,440,39.794247,12.759488,13.933146,-65.73
129,369,441,39.761207,13.392019,13.622853,-81.08
130,403,443,39.724063,14.023777,15.858510,-92.39
131,437,446,39.682824,14.654676,17.509377,-95.95
132,471,448,39.637502,15.284627,17.520954,-101.44
133,504,451,39.588107,15.913542,17.713871,-107.42
134,538,453,39.534651,16.541337,18.394855,-111.25
135,571,457,39.477148,17.167925,11.935205,-108.10
136,605,460,39.415612,17.793222,7.330335,-74.27
137,638,463,39.350057,18.417146,6.522359,-44.21
138,29,407,40.393632,7.038700,14.535150,-6.39
139,63,407,40.397814,7.679551,13.891936,-8.71
140,98,407,40.397814,8.320448,12.387694,-9.49
141,132,407,40.393632,8.961299,13.242200,-10.06
142,166,408,40.385269,9.602008,11.734319,-23.93
143,200,409,40.372727,10.242483,11.956536,-35.81
144,235,409,40.356009,10.882628,12.699067,-42.79
145,269,411,40.335120,11.522352,12.420829,-53.26
146,303,412,40.310065,12.161560,12.776039,-51.62
147,337,413,40.280850,12.800160,13.633479,-53.66
148,372,415,40.247482,13.438060,13.136118,-67.08
149,406,417,40.209970,14.075169,14.872559,-81.99
150,440,420,40.168324,14.711395,16.117245,-89.36
151,474,422,40.122554,15.346649,16.242464,-91.44
152,508,425,40.072671,15.980841,16.697178,-97.92
153,542,428,40.018688,16.613884,18.786673,-104.73
154,576,431,39.960618,17.245689,16.217846,-107.68
155,609,434,39.898477,17.876171,10.165790,-97.65
156,28,381,40.881986,7.030393,15.006541,-3.99
157,63,381,40.886209,7.676781,13.601832,-4.28
158,98,381,40.886209,8.323218,12.079021,-3.95
159,132,381,40.881986,8.969606,12.733890,-9.64
160,167,382,40.873539,9.615850,12.846808,-14.65
161,202,382,40.860873,10.261853,12.095742,-33.59
162,236,383,40.843989,10.907518,13.507454,-35.32
163,271,384,40.822892,11.552749,12.728226,-44.17
164,305,386,40.797588,12.197453,13.073132,-47.60
165,340,387,40.768083,12.841532,13.925253,-47.99
166,374,389,40.734384,13.484893,13.522065,-54.30
167,409,391,40.696501,14.127442,13.624551,-71.43
168,443,393,40.654442,14.769086,14.068772,-83.27
169,477,396,40.608219,15.409732,16.194036,-87.35
170,512,399,40.557843,16.049290,16.053068,-86.58
171,546,402,40.503328,16.687668,17.771044,-95.59
172,580,405,40.444685,17.324777,17.143442,-94.81
173,614,408,40.381932,17.960528,14.566391,-97.99
174,28,355,41.370953,7.021940,14.845580,-0.42
175,63,355,41.375219,7.673963,13.950821,2.16
176,98,355,41.375219,8.326036,12.884130,-2.63
177,133,355,41.370953,8.978059,11.991661,-11.86
178,168,356,41.362423,9.629933,13.427767,-13.08
179,203,356,41.349630,10.281560,12.409814,-32.97
180,237,357,41.332578,10.932840,13.987526,-30.01
181,272,358,41.311272,11.583676,13.288089,-38.12
182,307,360,41.285716,12.233969,13.406376,-41.41
183,342,361,41.255918,12.883622,14.233595,-44.21
184,377,363,41.221885,13.532538,13.962852,-48.01
185,411,365,41.183626,14.180621,13.024764,-58.21
186,446,367,41.141150,14.827775,12.630642,-68.68
187,481,370,41.094469,15.473905,15.378411,-80.76
188,515,373,41.043595,16.118918,15.774735,-80.83
189,550,376,40.988540,16.762721,16.558014,-84.35
190,584,379,40.929319,17.405222,17.913080,-87.61
191,618,382,40.865946,18.046331,16.964001,-89.10
192,27,329,41.860505,7.013339,14.903003,4.00
193,63,329,41.864814,7.671096,14.725411,4.64
194,98,329,41.864814,8.328903,13.632636,-1.73
195,133,329,41.860505,8.986660,12.100704,-6.25
196,168,329,41.851890,9.644264,13.389563,-14.31
197,204,330,41.838970,10.301613,13.393851,-28.06
198,239,331,41.821748,10.958608,14.368708,-29.27
199,274,332,41.800229,11.615145,14.015458,-32.83
200,309,333,41.774419,12.271126,13.971279,-39.71
201,344,335,41.744325,12.926450,14.408002,-41.26
202,379,337,41.709953,13.581017,13.880355,-42.18
203,414,339,41.671314,14.234729,13.717501,-49.55
204,449,341,41.628417,14.887487,13.143409,-56.90
205,484,344,41.581273,15.539195,14.961585,-66.01
206,519,347,41.529895,16.189756,15.803058,-70.30
207,554,350,41.474295,16.839076,15.697797,-75.22
208,589,353,41.414489,17.487060,17.864853,-80.62
209,623,356,41.350490,18.133615,18.067701,-83.68
210,27,303,42.350612,7.004586,15.276464,6.40
211,63,302,42.354963,7.668177,14.985223,5.83
212,98,302,42.354963,8.331821,13.217422,-4.01
213,134,303,42.350612,8.995413,12.570685,-6.43
214,169,303,42.341910,9.658848,12.626927,-10.69
215,205,304,42.328861,10.322022,14.206103,-18.67
216,240,305,42.311468,10.984832,15.652125,-27.04
217,276,306,42.289734,11.647172,14.482028,-30.39
218,311,307,42.263667,12.308940,14.766621,-34.74
219,347,309,42.233272,12.970034,14.708000,-36.93
220,382,311,42.198559,13.630351,14.478434,-39.91
221,417,313,42.159535,14.289790,14.263023,-44.09
222,453,315,42.116212,14.948250,13.562738,-49.92
223,488,318,42.068600,15.605632,14.258551,-54.14
224,523,320,42.016712,16.261837,16.667469,-58.92
225,558,324,41.960561,16.916767,16.384226,-65.49
226,593,327,41.900163,17.570326,17.147039,-73.59
227,628,330,41.835532,18.222419,18.471434,-76.88
228,27,276,42.841242,6.995675,14.997707,11.08
229,62,276,42.845637,7.665207,14.804420,10.63
230,98,276,42.845637,8.334792,13.355429,1.09
231,134,276,42.841242,9.004324,13.648304,0.43
232,170,277,42.832453,9.673694,15.331638,-6.85
233,206,278,42.819274,10.342797,15.076499,-8.02
234,242,278,42.801707,11.011524,15.520690,-16.69
235,277,280,42.779756,11.679771,14.561310,-24.32
236,313,281,42.753429,12.347429,15.358690,-29.13
237,349,283,42.722731,13.014395,14.732211,-37.59
238,385,285,42.687671,13.680564,15.094900,-35.41
239,420,287,42.648259,14.345830,15.325997,-36.75
240,456,289,42.604504,15.010092,14.863132,-41.89
241,491,292,42.556419,15.673246,14.008058,-42.37
242,527,294,42.504015,16.335192,15.416356,-52.80
243,562,297,42.447308,16.995829,17.812698,-56.29
244,598,301,42.386311,17.655059,17.545572,-62.35
245,633,304,42.321041,18.312784,18.345413,-67.11
246,26,250,43.332365,6.986604,16.172340,16.87
247,62,250,43.336804,7.662183,15.787593,9.74
248,98,250,43.336804,8.337816,15.606372,9.06
249,135,250,43.332365,9.013395,15.687046,3.14
250,171,250,43.323489,9.688808,16.972672,1.57
251,207,251,43.310177,10.363946,15.079711,-4.43
252,243,252,43.292434,11.038698,14.711450,-10.00
253,279,253,43.270264,11.712957,15.129663,-20.03
254,315,255,43.243673,12.386611,15.645623,-26.31
255,351,256,43.212669,13.059554,15.359436,-33.22
256,387,258,43.177259,13.731678,15.716639,-30.94
257,423,260,43.137453,14.402875,16.750530,-30.27
258,459,263,43.093262,15.073041,16.290089,-33.23
259,495,265,43.044698,15.742069,16.000931,-38.19
260,531,268,42.991774,16.409856,16.651735,-42.80
261,567,271,42.934503,17.076299,17.063269,-47.51
262,602,275,42.872901,17.741297,18.428444,-53.84
263,638,278,42.806984,18.404750,19.065779,-58.91
264,26,224,43.823949,6.977368,17.736088,19.75
265,62,223,43.828433,7.659103,17.174259,10.58
266,99,223,43.828433,8.340896,18.310364,8.67
267,135,224,43.823949,9.022631,18.312532,6.77
268,172,224,43.814984,9.704197,19.222340,4.09
269,208,225,43.801539,10.385480,17.432693,-1.15
270,245,226,43.783618,11.066367,16.598536,-7.90
271,281,227,43.761226,11.746746,16.092838,-16.19
272,317,228,43.734369,12.426505,14.878853,-25.43
273,354,230,43.703054,13.105533,16.346867,-29.15
274,390,232,43.667290,13.783719,15.697520,-30.22
275,426,234,43.627087,14.460953,17.215162,-28.57
276,463,237,43.582455,15.137127,17.992205,-29.20
277,499,239,43.533406,15.812133,17.105324,-30.63
278,535,242,43.479955,16.485864,17.014275,-36.19
279,571,245,43.422114,17.158215,16.788099,-37.66
280,607,249,43.359900,17.829081,17.968742,-46.51
281,643,252,43.293329,18.498361,18.800610,-52.92
282,25,197,44.315964,6.967961,19.365679,22.99
283,62,197,44.320492,7.655967,19.586983,15.69
284,99,197,44.320492,8.344032,20.040630,9.58
285,136,197,44.315964,9.032038,20.913958,6.75
286,172,198,44.306908,9.719869,20.499563,5.87
287,209,199,44.293328,10.407410,18.671196,-0.79
288,246,200,44.275227,11.094544,18.967077,-9.03
289,283,201,44.252610,11.781156,17.239195,-14.46
290,320,202,44.225484,12.467130,16.254402,-26.79
291,356,204,44.193855,13.152353,17.280172,-28.68
292,393,206,44.157733,13.836711,17.097130,-29.02
293,430,208,44.117127,14.520091,16.491379,-26.96
294,466,210,44.072049,15.202381,17.451300,-24.71
295,503,213,44.022511,15.883472,18.199001,-29.81
296,539,216,43.968525,16.563252,16.896109,-26.04
297,575,219,43.910108,17.241614,18.701250,-31.18
298,612,222,43.847275,17.918452,18.572514,-39.55
299,25,171,44.808376,6.958380,21.287210,24.69
300,62,171,44.812950,7.652773,20.980608,13.60
301,99,171,44.812950,8.347226,20.903130,7.42
302,136,171,44.808376,9.041619,21.700920,5.22
303,173,171,44.799229,9.735832,22.012522,8.00
304,210,172,44.785512,10.429747,19.947645,2.47
305,248,173,44.767229,11.123243,19.486776,-2.63
306,285,174,44.744385,11.816203,17.753550,-9.85
307,322,176,44.716986,12.508507,16.230442,-19.64
308,359,178,44.685040,13.200039,17.435879,-26.06
309,396,180,44.648555,13.890682,17.717667,-29.13
310,433,182,44.607542,14.580319,19.135284,-24.98
311,470,184,44.562012,15.268837,18.916540,-21.70
312,507,187,44.511978,15.956120,19.656517,-23.41
313,543,190,44.457454,16.642058,19.231436,-22.69
314,580,193,44.398453,17.326539,19.581350,-26.43
315,617,196,44.334994,18.009453,20.389612,-30.10
316,24,145,45.301153,6.948619,22.429756,18.48
317,62,144,45.305773,7.649519,22.577129,13.57
318,99,144,45.305773,8.350480,22.387436,7.01
319,137,145,45.301153,9.051380,22.375229,2.97
320,174,145,45.291914,9.752095,22.085720,3.25
321,212,146,45.278059,10.452502,22.229412,3.93
322,249,147,45.259591,11.152480,20.500868,1.30
323,287,148,45.236517,11.851905,17.815508,-3.26
324,324,150,45.208842,12.550657,17.196789,-12.02
325,361,151,45.176574,13.248614,18.713558,-22.55
326,399,153,45.139723,13.945657,19.560589,-26.86
327,436,155,45.098298,14.641667,20.369678,-25.71
328,473,158,45.052311,15.336525,21.068602,-24.08
329,510,161,45.001776,16.030115,21.156660,-20.61
330,548,164,44.946705,16.722322,20.179897,-19.64
331,585,167,44.887115,17.413031,21.730993,-21.32
332,621,170,44.823022,18.102129,20.942890,-27.45
333,23,118,45.794262,6.938674,25.617943,21.10
334,61,118,45.798929,7.646203,24.520729,14.95
335,99,118,45.798929,8.353796,24.358728,6.65
336,137,118,45.794262,9.061325,24.891010,2.53
337,175,119,45.784930,9.768664,23.626682,-0.26
338,213,119,45.770934,10.475687,23.082920,0.63
339,251,120,45.752281,11.182268,21.505465,0.20
340,289,122,45.728973,11.888281,18.586134,0.50
341,326,123,45.701019,12.593601,18.366699,-7.05
342,364,125,45.668426,13.298104,19.903870,-16.45
343,402,127,45.631204,14.001667,20.936342,-21.90
344,439,129,45.589362,14.704167,21.571281,-23.92
345,477,132,45.542913,15.405482,22.063253,-22.16
346,515,134,45.491870,16.105494,22.053623,-19.49
347,552,137,45.436247,16.804084,22.874538,-14.81
348,589,141,45.376060,17.501133,22.647797,-17.59
349,627,144,45.311326,18.196527,21.041939,-19.42
350,23,92,46.287670,6.928539,30.126518,20.57
351,61,91,46.292384,7.642824,28.199615,16.26
352,99,91,46.292384,8.357175,27.272947,10.68
353,138,92,46.287670,9.071460,26.401623,4.62
354,176,92,46.278243,9.785550,25.205660,3.46
355,214,93,46.264106,10.499315,24.035131,-2.85
356,252,94,46.245263,11.212625,22.597256,0.19
357,291,95,46.221720,11.925350,20.645224,0.62
358,329,97,46.193484,12.637363,21.375513,-4.99
359,367,99,46.160561,13.348535,21.242062,-13.87
360,405,101,46.122963,14.058739,20.873152,-19.49
361,443,103,46.080699,14.767850,22.496078,-20.40
362,481,105,46.033783,15.475744,22.621002,-22.66
363,519,108,45.982226,16.182296,22.966915,-24.27
364,556,111,45.926044,16.887385,22.549231,-18.72
365,594,114,45.865253,17.590891,24.104670,-13.30
366,632,118,45.799870,18.292694,22.092958,-13.24
367,22,65,46.781342,6.918208,33.351551,20.54
368,61,65,46.786104,7.639380,29.367014,18.37
369,100,65,46.786104,8.360619,29.057524,12.82
370,138,65,46.781342,9.081791,29.808643,6.89
371,177,66,46.771820,9.802762,27.755905,4.21
372,216,67,46.757540,10.523398,24.866905,-0.25
373,254,68,46.738506,11.243565,23.450760,-1.96
374,293,69,46.714724,11.963132,23.417831,0.33
375,331,70,46.686201,12.681965,24.528946,-5.27
376,370,72,46.652946,13.399932,23.514599,-9.28
377,408,74,46.614967,14.116905,24.009504,-12.54
378,446,76,46.572277,14.832752,24.266180,-15.94
379,485,79,46.524886,15.547347,25.856426,-22.07
380,523,82,46.472810,16.260561,25.018276,-22.32
381,561,85,46.416062,16.972271,23.427784,-15.68
382,599,88,46.354660,17.682351,22.962084,-8.97
383,637,92,46.288621,18.390681,19.500118,-13.49
384,22,39,47.275246,6.907676,35.419209,21.95
385,61,39,47.280056,7.635869,32.973927,16.79
386,100,39,47.280056,8.364130,31.797590,15.33
387,139,39,47.275246,9.092323,30.321489,11.22
388,178,39,47.265626,9.820308,28.225822,5.80
389,217,40,47.251201,10.547949,27.094269,5.53
390,256,41,47.231974,11.275108,26.597206,1.39
391,295,42,47.207951,12.001647,25.738667,-2.86
392,334,44,47.179138,12.727432,24.936161,-4.28
393,372,46,47.145545,13.452326,25.372608,-8.11
394,411,48,47.107182,14.176196,25.983997,-12.25
395,450,50,47.064059,14.898907,26.662342,-16.69
396,489,53,47.016189,15.620330,27.035086,-19.42
397,527,56,46.963586,16.340332,26.688408,-19.61
398,566,59,46.906266,17.058785,24.998318,-14.95
399,604,62,46.844245,17.775563,22.895794,-7.85
400,642,65,46.777541,18.490539,20.570963,-7.14
401,21,12,47.769345,6.896937,33.411777,23.12
402,61,12,47.774205,7.632288,33.774574,18.26
403,100,12,47.774205,8.367711,32.788242,15.68
404,139,12,47.769345,9.103062,30.617332,11.98
405,179,13,47.759628,9.838200,28.959513,8.12
406,218,14,47.745056,10.572983,27.317955,5.36
407,258,15,47.725632,11.307269,27.995296,5.41
408,297,16,47.701364,12.040918,28.004309,1.26
409,336,18,47.672259,12.773790,26.705969,-1.66
410,375,19,47.638324,13.505744,27.182634,-6.86
411,414,21,47.599571,14.236644,27.904696,-10.83
412,454,24,47.556010,14.966352,28.286209,-14.82
413,493,26,47.507655,15.694733,27.946146,-16.16
414,531,29,47.454520,16.421652,27.829582,-17.60
415,570,32,47.396620,17.146976,25.310234,-11.96
416,609,36,47.333973,17.870576,22.765337,0.26
417,497,0,47.999249,15.770598,29.610834,-13.12
418,536,3,47.945575,16.504566,29.243021,-16.35
419,575,6,47.887088,17.236892,26.705280,-8.36
420,614,9,47.823807,17.967443,24.047993,2.40
