vector_id,pixel_x,pixel_y,latitude,longitude,magnitude,alpha_deg
0,0,616,36.504607,6.500736,23.703365,-71.92
1,32,615,36.512337,7.100364,26.273756,-81.71
2,64,615,36.516202,7.700108,27.808594,-85.04
3,96,615,36.516202,8.299891,30.809378,-87.44
4,129,615,36.512337,8.899635,34.193188,-96.61
5,161,616,36.504607,9.499263,31.879309,-99.43
6,32,589,36.994759,7.093092,24.749920,-81.68
7,64,589,36.998662,7.697684,25.983564,-85.85
8,97,589,36.998662,8.302315,28.569771,-89.87
9,129,589,36.994759,8.906907,32.367249,-95.75
10,161,590,36.986953,9.511380,31.633009,-102.19
11,194,591,36.975246,10.115655,23.403475,-104.64
12,226,591,36.959642,10.719655,4.284194,-78.27
13,258,592,36.940143,11.323300,1.863107,52.55
14,291,594,36.916755,11.926512,0.288696,28.41
15,323,595,36.889483,12.529213,3.179756,96.88
16,355,597,36.858333,13.131326,3.555021,102.89
17,387,599,36.823313,13.732773,0.977620,88.28
18,420,601,36.784431,14.333479,2.978213,42.46
19,452,603,36.741697,14.933367,2.146865,-164.07
20,484,606,36.695120,15.532361,1.066028,-113.20
21,516,608,36.644711,16.130388,0.394088,-88.29
22,548,611,36.590482,16.727372,2.531330,-111.88
23,580,614,36.532447,17.323242,1.989684,-38.25
24,31,564,37.478018,7.085702,23.672064,-81.30
25,64,563,37.481960,7.695220,24.406796,-83.82
26,97,563,37.481960,8.304779,26.592304,-88.69
27,129,564,37.478018,8.914297,29.847910,-94.79
28,162,564,37.470135,9.523694,30.609758,-101.50
29,195,565,37.458313,10.132888,26.705269,-109.22
30,227,566,37.442554,10.741800,12.217018,-100.98
31,260,567,37.422863,11.350348,4.140591,19.69
32,292,568,37.399244,11.958453,2.102036,39.62
33,325,569,37.371703,12.566034,4.617273,51.86
34,357,571,37.340247,13.173013,3.118516,42.19
35,390,573,37.304882,13.779310,4.235252,35.47
36,422,575,37.265618,14.384847,4.520498,26.41
37,455,577,37.222464,14.989545,2.696795,-27.83
38,487,580,37.175430,15.593329,1.731671,-44.07
39,519,583,37.124526,16.196122,2.724208,-23.61
40,552,585,37.069766,16.797847,2.190608,-25.77
41,584,589,37.011162,17.398431,4.521076,2.81
42,616,592,36.948729,17.997799,4.043114,19.77
43,31,538,37.962086,7.078190,22.896454,-80.57
44,64,537,37.966067,7.692716,23.108028,-81.74
45,97,537,37.966067,8.307283,24.898478,-86.53
46,130,538,37.962087,8.921809,27.566191,-92.66
47,163,538,37.954126,9.536210,29.315241,-99.26
48,196,539,37.942187,10.150404,26.437075,-105.56
49,228,540,37.926273,10.764308,20.585260,-110.88
50,261,541,37.906387,11.377840,4.744694,-42.68
51,294,542,37.882536,11.990917,5.190641,22.46
52,327,543,37.854723,12.603458,3.920221,20.42
53,360,545,37.822957,13.215381,5.181854,34.10
54,392,547,37.787244,13.826606,5.998690,27.15
55,425,549,37.747593,14.437052,5.292894,25.98
56,458,552,37.704015,15.046639,5.320142,-9.69
57,490,554,37.656518,15.655289,4.584164,-13.42
58,523,557,37.605115,16.262924,6.370164,-22.19
59,555,560,37.549818,16.869465,5.497213,-38.36
60,588,563,37.490640,17.474836,3.875930,-14.64
61,620,566,37.427595,18.078962,4.883761,-13.92
62,31,512,38.446939,7.070554,21.741051,-78.11
63,64,511,38.450959,7.690170,21.759123,-79.38
64,97,511,38.450959,8.309829,23.790714,-82.12
65,130,512,38.446939,8.929445,25.327547,-90.10
66,163,512,38.438899,9.548934,27.519627,-96.53
67,196,513,38.426842,10.168210,26.091866,-99.71
68,230,514,38.410771,10.787189,22.752497,-106.58
69,263,515,38.390689,11.405787,14.652358,-104.66
70,296,516,38.366602,12.023918,6.234460,0.24
71,329,518,38.338515,12.641500,4.489218,20.78
72,362,519,38.306435,13.258449,5.283513,21.72
73,395,521,38.270370,13.874681,6.580808,2.91
74,428,523,38.230329,14.490116,6.781469,-9.74
75,461,526,38.186321,15.104671,6.880731,-7.96
76,494,528,38.138358,15.718265,5.503428,-6.43
77,527,531,38.086450,16.330818,6.187293,-15.75
78,559,534,38.030610,16.942252,7.434131,-28.78
79,592,537,37.970852,17.552486,6.371448,-2.52
80,625,541,37.907190,18.161445,5.588709,-3.18
81,30,486,38.932547,7.062790,20.152172,-75.85
82,64,485,38.936607,7.687582,20.456964,-75.68
83,97,485,38.936607,8.312417,22.195353,-79.64
84,131,486,38.932547,8.937209,23.330460,-86.48
85,164,486,38.924428,9.561870,24.987326,-92.46
86,197,487,38.912252,10.186313,24.920483,-95.05
87,231,488,38.896022,10.810452,22.489758,-98.82
88,264,489,38.875741,11.434199,18.683165,-105.82
89,298,490,38.851416,12.057469,10.884665,-94.77
90,331,492,38.823051,12.680175,8.218487,6.83
91,364,493,38.790655,13.302232,7.219259,20.15
92,398,495,38.754234,13.923555,7.571193,18.27
93,431,497,38.713798,14.544060,7.961443,4.62
94,464,500,38.669357,15.163663,8.708508,2.01
95,497,502,38.620921,15.782282,9.664311,-2.34
96,530,505,38.568503,16.399834,10.168916,-2.37
97,563,508,38.512115,17.016237,8.770069,-15.73
98,596,511,38.451770,17.631413,7.156288,-12.65
99,629,515,38.387484,18.245281,6.700604,-12.06
100,30,460,39.418884,7.054895,18.533512,-74.22
101,63,459,39.422985,7.684950,19.628454,-76.25
102,97,459,39.422985,8.315049,20.850491,-75.17
103,131,460,39.418884,8.945104,21.351540,-81.82
104,165,460,39.410685,9.575024,22.438862,-87.73
105,198,461,39.398388,10.204721,22.706768,-91.34
106,232,462,39.381997,10.834106,22.873062,-94.19
107,266,463,39.361516,11.463089,19.048449,-99.00
108,300,464,39.336950,12.091583,14.406486,-104.45
109,333,466,39.308305,12.719499,8.808090,-90.29
110,367,467,39.275588,13.346749,10.889568,0.72
111,400,469,39.238808,13.973247,11.979608,11.70
112,434,471,39.197973,14.598906,10.243179,10.05
113,467,474,39.153093,15.223640,11.023134,-1.46
114,501,477,39.104181,15.847365,9.703765,-2.65
115,534,479,39.051246,16.469997,11.355538,-8.64
116,567,482,38.994304,17.091452,10.075839,-13.32
117,601,486,38.933366,17.711647,9.247176,-9.76
118,634,489,38.868450,18.330503,10.066483,-0.17
119,29,434,39.905922,7.046866,17.427126,-72.04
120,63,433,39.910063,7.682273,18.671667,-75.29
121,97,433,39.910063,8.317726,19.280287,-74.33
122,131,434,39.905922,8.953133,20.170153,-77.01
123,165,434,39.897641,9.588402,20.860516,-82.04
124,199,435,39.885223,10.223442,21.908840,-87.62
125,233,436,39.868669,10.858161,22.230864,-88.58
126,267,437,39.847985,11.492469,19.262091,-90.58
127,301,438,39.823176,12.126275,15.828424,-96.95
128,335,440,39.794247,12.759488,12.115526,-99.01
129,369,441,39.761207,13.392019,8.461608,-71.51
130,403,443,39.724063,14.023777,11.296175,-19.23
131,437,446,39.682824,14.654676,16.046984,2.69
132,471,448,39.637502,15.284627,15.113342,-0.12
133,504,451,39.588107,15.913542,12.879337,-9.00
134,538,453,39.534651,16.541337,13.525875,-10.00
135,571,457,39.477148,17.167925,15.088485,-11.66
136,605,460,39.415612,17.793222,11.471285,-4.76
137,638,463,39.350057,18.417146,10.740111,-6.73
138,29,407,40.393632,7.038700,17.519724,-68.24
139,63,407,40.397814,7.679551,17.592960,-72.14
140,98,407,40.397814,8.320448,18.715019,-76.15
141,132,407,40.393632,8.961299,18.902346,-72.83
142,166,408,40.385269,9.602008,19.090076,-77.24
143,200,409,40.372727,10.242483,21.247536,-83.40
144,235,409,40.356009,10.882628,21.720274,-85.93
145,269,411,40.335120,11.522352,20.283789,-86.22
146,303,412,40.310065,12.161560,16.888252,-90.91
147,337,413,40.280850,12.800160,13.932468,-95.57
148,372,415,40.247482,13.438060,11.687489,-90.58
149,406,417,40.209970,14.075169,8.287942,-62.52
150,440,420,40.168324,14.711395,13.309812,-11.15
151,474,422,40.122554,15.346649,16.798058,-0.67
152,508,425,40.072671,15.980841,17.184238,-2.34
153,542,428,40.018688,16.613884,15.318266,-3.98
154,576,431,39.960618,17.245689,14.483521,-7.33
155,609,434,39.898477,17.876171,14.370639,-3.24
156,28,381,40.881986,7.030393,17.674677,-61.95
157,63,381,40.886209,7.676781,16.937105,-64.33
158,98,381,40.886209,8.323218,17.824423,-74.70
159,132,381,40.881986,8.969606,17.919828,-67.45
160,167,382,40.873539,9.615850,17.316948,-73.53
161,202,382,40.860873,10.261853,18.809498,-77.16
162,236,383,40.843989,10.907518,20.447035,-83.04
163,271,384,40.822892,11.552749,19.467499,-83.57
164,305,386,40.797588,12.197453,17.224998,-85.23
165,340,387,40.768083,12.841532,15.378767,-88.98
166,374,389,40.734384,13.484893,14.500169,-85.45
167,409,391,40.696501,14.127442,13.337127,-77.08
168,443,393,40.654442,14.769086,11.901385,-59.56
169,477,396,40.608219,15.409732,13.187094,-21.91
170,512,399,40.557843,16.049290,17.428953,-9.89
171,546,402,40.503328,16.687668,19.012217,-6.00
172,580,405,40.444685,17.324777,18.381531,-4.37
173,614,408,40.381932,17.960528,17.376814,-4.62
174,28,355,41.370953,7.021940,17.078775,-53.49
175,63,355,41.375219,7.673963,16.930048,-58.62
176,98,355,41.375219,8.326036,18.214022,-71.54
177,133,355,41.370953,8.978059,16.673967,-65.10
178,168,356,41.362423,9.629933,17.282043,-67.72
179,203,356,41.349630,10.281560,16.938078,-72.56
180,237,357,41.332578,10.932840,19.804964,-76.54
181,272,358,41.311272,11.583676,17.950422,-81.46
182,307,360,41.285716,12.233969,17.427019,-83.19
183,342,361,41.255918,12.883622,16.282389,-84.76
184,377,363,41.221885,13.532538,16.753023,-83.17
185,411,365,41.183626,14.180621,15.964046,-79.23
186,446,367,41.141150,14.827775,14.404078,-70.94
187,481,370,41.094469,15.473905,13.452640,-42.98
188,515,373,41.043595,16.118918,14.847085,-21.78
189,550,376,40.988540,16.762721,15.476062,-20.08
190,584,379,40.929319,17.405222,19.427992,-6.03
191,618,382,40.865946,18.046331,19.975237,-4.34
192,27,329,41.860505,7.013339,16.992674,-46.52
193,63,329,41.864814,7.671096,17.279978,-52.75
194,98,329,41.864814,8.328903,18.713840,-64.47
195,133,329,41.860505,8.986660,16.842554,-63.25
196,168,329,41.851890,9.644264,17.512377,-65.49
197,204,330,41.838970,10.301613,16.422571,-67.83
198,239,331,41.821748,10.958608,18.563990,-69.02
199,274,332,41.800229,11.615145,16.951302,-78.90
200,309,333,41.774419,12.271126,17.640488,-80.88
201,344,335,41.744325,12.926450,17.149294,-83.96
202,379,337,41.709953,13.581017,18.522264,-83.30
203,414,339,41.671314,14.234729,16.978668,-79.43
204,449,341,41.628417,14.887487,14.581635,-75.10
205,484,344,41.581273,15.539195,14.823611,-70.90
206,519,347,41.529895,16.189756,12.651097,-36.00
207,554,350,41.474295,16.839076,13.967712,-28.19
208,589,353,41.414489,17.487060,13.536814,-28.64
209,623,356,41.350490,18.133615,14.353740,-7.39
210,27,303,42.350612,7.004586,17.087730,-42.26
211,63,302,42.354963,7.668177,17.464159,-44.40
212,98,302,42.354963,8.331821,18.348120,-57.42
213,134,303,42.350612,8.995413,15.991007,-59.93
214,169,303,42.341910,9.658848,18.121843,-66.17
215,205,304,42.328861,10.322022,16.101137,-65.25
216,240,305,42.311468,10.984832,17.094545,-63.88
217,276,306,42.289734,11.647172,18.078621,-71.15
218,311,307,42.263667,12.308940,18.105869,-75.49
219,347,309,42.233272,12.970034,18.433071,-80.33
220,382,311,42.198559,13.630351,19.778439,-78.80
221,417,313,42.159535,14.289790,19.007231,-77.99
222,453,315,42.116212,14.948250,16.080259,-74.04
223,488,318,42.068600,15.605632,15.078469,-75.02
224,523,320,42.016712,16.261837,13.686394,-53.40
225,558,324,41.960561,16.916767,14.472250,-26.38
226,593,327,41.900163,17.570326,13.368754,-27.12
227,628,330,41.835532,18.222419,10.905207,-26.17
228,27,276,42.841242,6.995675,17.705158,-36.99
229,62,276,42.845637,7.665207,17.590309,-42.61
230,98,276,42.845637,8.334792,17.289070,-51.36
231,134,276,42.841242,9.004324,16.390327,-61.04
232,170,277,42.832453,9.673694,17.674192,-59.73
233,206,278,42.819274,10.342797,15.029118,-64.94
234,242,278,42.801707,11.011524,16.251274,-63.67
235,277,280,42.779756,11.679771,18.481232,-66.23
236,313,281,42.753429,12.347429,17.782852,-72.91
237,349,283,42.722731,13.014395,18.902411,-80.06
238,385,285,42.687671,13.680564,19.771679,-79.79
239,420,287,42.648259,14.345830,19.783968,-79.13
240,456,289,42.604504,15.010092,17.506594,-77.76
241,491,292,42.556419,15.673246,15.407613,-67.72
242,527,294,42.504015,16.335192,13.821912,-59.74
243,562,297,42.447308,16.995829,14.144831,-31.59
244,598,301,42.386311,17.655059,14.413921,-21.27
245,633,304,42.321041,18.312784,13.833953,-17.04
246,26,250,43.332365,6.986604,18.069958,-32.48
247,62,250,43.336804,7.662183,17.273363,-39.75
248,98,250,43.336804,8.337816,16.367060,-45.42
249,135,250,43.332365,9.013395,16.807230,-57.32
250,171,250,43.323489,9.688808,16.375597,-56.96
251,207,251,43.310177,10.363946,14.341705,-61.54
252,243,252,43.292434,11.038698,15.534264,-62.75
253,279,253,43.270264,11.712957,17.897434,-62.33
254,315,255,43.243673,12.386611,19.212444,-64.06
255,351,256,43.212669,13.059554,20.029297,-69.94
256,387,258,43.177259,13.731678,21.027172,-79.68
257,423,260,43.137453,14.402875,20.784863,-79.92
258,459,263,43.093262,15.073041,19.070448,-79.63
259,495,265,43.044698,15.742069,16.390284,-73.80
260,531,268,42.991774,16.409856,14.877219,-60.03
261,567,271,42.934503,17.076299,14.943295,-42.49
262,602,275,42.872901,17.741297,15.752607,-20.47
263,638,278,42.806984,18.404750,16.306675,-14.50
264,26,224,43.823949,6.977368,17.963610,-26.83
265,62,223,43.828433,7.659103,17.048418,-35.72
266,99,223,43.828433,8.340896,17.133795,-41.12
267,135,224,43.823949,9.022631,18.354654,-49.74
268,172,224,43.814984,9.704197,14.829221,-52.54
269,208,225,43.801539,10.385480,13.936443,-58.94
270,245,226,43.783618,11.066367,14.933835,-58.40
271,281,227,43.761226,11.746746,16.714066,-59.29
272,317,228,43.734369,12.426505,18.828241,-56.87
273,354,230,43.703054,13.105533,19.320412,-65.93
274,390,232,43.667290,13.783719,20.350985,-78.37
275,426,234,43.627087,14.460953,20.445282,-78.63
276,463,237,43.582455,15.137127,19.833057,-80.14
277,499,239,43.533406,15.812133,17.608465,-75.21
278,535,242,43.479955,16.485864,15.767677,-67.23
279,571,245,43.422114,17.158215,15.417727,-59.26
280,607,249,43.359900,17.829081,15.028647,-37.06
281,643,252,43.293329,18.498361,16.276985,-17.91
282,25,197,44.315964,6.967961,18.623970,-22.79
283,62,197,44.320492,7.655967,18.697870,-29.27
284,99,197,44.320492,8.344032,19.203619,-35.00
285,136,197,44.315964,9.032038,18.809092,-43.37
286,172,198,44.306908,9.719869,15.947412,-42.45
287,209,199,44.293328,10.407410,12.777515,-44.61
288,246,200,44.275227,11.094544,14.474644,-49.04
289,283,201,44.252610,11.781156,15.526146,-51.90
290,320,202,44.225484,12.467130,18.439754,-49.97
291,356,204,44.193855,13.152353,18.471193,-59.97
292,393,206,44.157733,13.836711,19.632641,-76.20
293,430,208,44.117127,14.520091,19.184534,-77.13
294,466,210,44.072049,15.202381,19.076017,-77.05
295,503,213,44.022511,15.883472,18.476170,-75.55
296,539,216,43.968525,16.563252,15.052758,-64.51
297,575,219,43.910108,17.241614,16.311377,-62.60
298,612,222,43.847275,17.918452,15.603537,-49.28
299,25,171,44.808376,6.958380,19.758556,-18.31
300,62,171,44.812950,7.652773,19.928133,-23.92
301,99,171,44.812950,8.347226,19.743095,-26.95
302,136,171,44.808376,9.041619,19.717749,-35.24
303,173,171,44.799229,9.735832,17.892021,-38.45
304,210,172,44.785512,10.429747,14.683105,-30.69
305,248,173,44.767229,11.123243,15.017607,-39.55
306,285,174,44.744385,11.816203,16.077225,-43.25
307,322,176,44.716986,12.508507,18.067186,-48.50
308,359,178,44.685040,13.200039,20.098251,-50.66
309,396,180,44.648555,13.890682,20.579193,-55.00
310,433,182,44.607542,14.580319,18.308603,-69.40
311,470,184,44.562012,15.268837,18.344210,-71.98
312,507,187,44.511978,15.956120,18.756968,-71.43
313,543,190,44.457454,16.642058,17.366867,-70.34
314,580,193,44.398453,17.326539,17.201511,-63.57
315,617,196,44.334994,18.009453,17.697306,-55.55
316,24,145,45.301153,6.948619,21.750334,-13.69
317,62,144,45.305773,7.649519,22.235144,-17.49
318,99,144,45.305773,8.350480,21.318207,-21.30
319,137,145,45.301153,9.051380,21.204245,-28.85
320,174,145,45.291914,9.752095,19.230017,-33.73
321,212,146,45.278059,10.452502,18.601215,-32.04
322,249,147,45.259591,11.152480,17.214598,-31.10
323,287,148,45.236517,11.851905,18.327339,-35.96
324,324,150,45.208842,12.550657,19.090706,-42.12
325,361,151,45.176574,13.248614,20.106796,-48.30
326,399,153,45.139723,13.945657,21.136032,-46.90
327,436,155,45.098298,14.641667,19.173252,-58.06
328,473,158,45.052311,15.336525,18.253929,-62.66
329,510,161,45.001776,16.030115,18.666241,-62.08
330,548,164,44.946705,16.722322,18.636011,-66.00
331,585,167,44.887115,17.413031,17.628208,-61.67
332,621,170,44.823022,18.102129,18.216442,-55.82
333,23,118,45.794262,6.938674,24.185537,-11.81
334,61,118,45.798929,7.646203,22.497908,-13.66
335,99,118,45.798929,8.353796,22.520596,-16.44
336,137,118,45.794262,9.061325,22.695753,-24.76
337,175,119,45.784930,9.768664,21.722279,-29.79
338,213,119,45.770934,10.475687,21.630497,-32.26
339,251,120,45.752281,11.182268,22.192823,-32.12
340,289,122,45.728973,11.888281,19.934681,-32.58
341,326,123,45.701019,12.593601,21.049423,-34.37
342,364,125,45.668426,13.298104,21.015806,-41.69
343,402,127,45.631204,14.001667,21.362736,-45.82
344,439,129,45.589362,14.704167,20.064539,-48.19
345,477,132,45.542913,15.405482,18.444893,-52.58
346,515,134,45.491870,16.105494,18.612713,-53.62
347,552,137,45.436247,16.804084,18.827841,-58.95
348,589,141,45.376060,17.501133,17.879379,-58.79
349,627,144,45.311326,18.196527,17.834455,-54.76
350,23,92,46.287670,6.928539,27.293842,-11.76
351,61,91,46.292384,7.642824,26.100868,-13.00
352,99,91,46.292384,8.357175,24.465466,-15.44
353,138,92,46.287670,9.071460,24.734049,-20.24
354,176,92,46.278243,9.785550,24.073196,-25.89
355,214,93,46.264106,10.499315,23.954826,-33.27
356,252,94,46.245263,11.212625,22.664083,-30.79
357,291,95,46.221720,11.925350,21.609230,-24.78
358,329,97,46.193484,12.637363,22.430832,-27.38
359,367,99,46.160561,13.348535,22.932335,-36.07
360,405,101,46.122963,14.058739,21.514803,-41.91
361,443,103,46.080699,14.767850,19.719091,-41.79
362,481,105,46.033783,15.475744,19.608822,-49.84
363,519,108,45.982226,16.182296,19.486935,-48.00
364,556,111,45.926044,16.887385,19.136936,-51.27
365,594,114,45.865253,17.590891,18.935852,-53.15
366,632,118,45.799870,18.292694,17.432562,-50.63
367,22,65,46.781342,6.918208,28.821558,-8.59
368,61,65,46.786104,7.639380,27.991985,-12.58
369,100,65,46.786104,8.360619,26.727602,-13.98
370,138,65,46.781342,9.081791,26.728218,-16.28
371,177,66,46.771820,9.802762,25.887497,-24.16
372,216,67,46.757540,10.523398,24.701357,-27.65
373,254,68,46.738506,11.243565,22.607147,-27.63
374,293,69,46.714724,11.963132,22.000582,-18.29
375,331,70,46.686201,12.681965,23.188211,-22.92
376,370,72,46.652946,13.399932,23.179760,-31.57
377,408,74,46.614967,14.116905,21.985327,-36.25
378,446,76,46.572277,14.832752,19.773476,-38.26
379,485,79,46.524886,15.547347,19.508430,-45.65
380,523,82,46.472810,16.260561,20.352922,-44.58
381,561,85,46.416062,16.972271,20.057693,-47.74
382,599,88,46.354660,17.682351,20.621929,-48.33
383,637,92,46.288621,18.390681,18.179258,-47.06
384,22,39,47.275246,6.907676,28.426991,-8.88
385,61,39,47.280056,7.635869,30.391582,-10.34
386,100,39,47.280056,8.364130,29.446655,-12.06
387,139,39,47.275246,9.092323,28.870346,-15.04
388,178,39,47.265626,9.820308,27.646532,-23.48
389,217,40,47.251201,10.547949,25.089972,-23.86
390,256,41,47.231974,11.275108,23.251356,-23.76
391,295,42,47.207951,12.001647,21.746328,-12.55
392,334,44,47.179138,12.727432,23.281063,-22.15
393,372,46,47.145545,13.452326,22.880301,-23.02
394,411,48,47.107182,14.176196,20.446507,-32.69
395,450,50,47.064059,14.898907,18.890293,-34.42
396,489,53,47.016189,15.620330,19.430897,-41.34
397,527,56,46.963586,16.340332,20.500610,-39.96
398,566,59,46.906266,17.058785,21.863600,-45.31
399,604,62,46.844245,17.775563,21.086002,-45.29
400,642,65,46.777541,18.490539,18.628923,-43.78
401,21,12,47.769345,6.896937,29.355461,-3.50
402,61,12,47.774205,7.632288,31.270742,-6.68
403,100,12,47.774205,8.367711,30.834286,-10.40
404,139,12,47.769345,9.103062,31.004837,-14.41
405,179,13,47.759628,9.838200,28.809193,-19.97
406,218,14,47.745056,10.572983,26.615089,-20.28
407,258,15,47.725632,11.307269,22.135975,-16.82
408,297,16,47.701364,12.040918,23.448971,-5.06
409,336,18,47.672259,12.773790,22.252861,-16.65
410,375,19,47.638324,13.505744,20.942131,-17.32
411,414,21,47.599571,14.236644,18.972166,-24.37
412,454,24,47.556010,14.966352,16.900179,-33.77
413,493,26,47.507655,15.694733,18.722927,-39.17
414,531,29,47.454520,16.421652,20.776615,-39.83
415,570,32,47.396620,17.146976,22.793173,-41.20
416,609,36,47.333973,17.870576,21.007458,-41.21
417,497,0,47.999249,15.770598,18.340878,-38.34
418,536,3,47.945575,16.504566,21.171673,-39.14
419,575,6,47.887088,17.236892,23.336079,-38.54
420,614,9,47.823807,17.967443,21.375315,-38.69
