vector_id,pixel_x,pixel_y,latitude,longitude,magnitude,alpha_deg
0,0,616,36.504607,6.500736,15.082874,-25.28
1,32,615,36.512337,7.100364,14.966271,-24.94
2,64,615,36.516202,7.700108,15.229822,-29.21
3,96,615,36.516202,8.299891,14.810190,-35.89
4,129,615,36.512337,8.899635,14.973639,-49.71
5,161,616,36.504607,9.499263,16.043520,-66.58
6,32,589,36.994759,7.093092,16.439800,-20.96
7,64,589,36.998662,7.697684,15.914818,-24.78
8,97,589,36.998662,8.302315,15.210345,-30.83
9,129,589,36.994759,8.906907,14.704765,-38.62
10,161,590,36.986953,9.511380,15.675756,-55.41
11,194,591,36.975246,10.115655,16.119413,-60.73
12,226,591,36.959642,10.719655,17.153486,-80.72
13,258,592,36.940143,11.323300,18.545889,-93.53
14,291,594,36.916755,11.926512,19.342869,-94.89
15,323,595,36.889483,12.529213,19.526266,-94.43
16,355,597,36.858333,13.131326,19.262131,-97.33
17,387,599,36.823313,13.732773,19.070286,-103.06
18,420,601,36.784431,14.333479,19.117577,-110.41
19,452,603,36.741697,14.933367,19.290596,-110.66
20,484,606,36.695120,15.532361,13.514473,-98.49
21,516,608,36.644711,16.130388,6.934090,-45.62
22,548,611,36.590482,16.727372,8.659657,-37.08
23,580,614,36.532447,17.323242,7.817496,-41.60
24,31,564,37.478018,7.085702,16.980299,-15.12
25,64,563,37.481960,7.695220,16.752134,-21.76
26,97,563,37.481960,8.304779,15.420737,-25.91
27,129,564,37.478018,8.914297,15.004017,-31.74
28,162,564,37.470135,9.523694,15.318406,-43.09
29,195,565,37.458313,10.132888,16.379715,-50.89
30,227,566,37.442554,10.741800,15.820010,-72.85
31,260,567,37.422863,11.350348,16.634455,-88.99
32,292,568,37.399244,11.958453,17.710300,-94.52
33,325,569,37.371703,12.566034,18.181011,-94.84
34,357,571,37.340247,13.173013,18.377066,-98.34
35,390,573,37.304882,13.779310,18.973701,-99.56
36,422,575,37.265618,14.384847,17.375778,-103.02
37,455,577,37.222464,14.989545,18.991978,-109.37
38,487,580,37.175430,15.593329,18.092491,-110.06
39,519,583,37.124526,16.196122,13.284888,-99.45
40,552,585,37.069766,16.797847,8.614912,-50.75
41,584,589,37.011162,17.398431,9.036691,-33.53
42,616,592,36.948729,17.997799,8.515910,-26.77
43,31,538,37.962086,7.078190,16.492825,-11.11
44,64,537,37.966067,7.692716,16.221731,-15.84
45,97,537,37.966067,8.307283,14.690199,-23.45
46,130,538,37.962087,8.921809,14.737584,-27.20
47,163,538,37.954126,9.536210,14.677009,-35.80
48,196,539,37.942187,10.150404,15.698159,-43.45
49,228,540,37.926273,10.764308,13.886691,-62.45
50,261,541,37.906387,11.377840,14.424014,-81.27
51,294,542,37.882536,11.990917,16.536079,-89.14
52,327,543,37.854723,12.603458,17.092813,-90.03
53,360,545,37.822957,13.215381,17.453627,-93.29
54,392,547,37.787244,13.826606,18.323400,-93.93
55,425,549,37.747593,14.437052,17.503651,-97.39
56,458,552,37.704015,15.046639,17.076605,-101.51
57,490,554,37.656518,15.655289,18.618595,-106.85
58,523,557,37.605115,16.262924,18.025328,-104.44
59,555,560,37.549818,16.869465,13.929762,-90.69
60,588,563,37.490640,17.474836,9.617963,-57.29
61,620,566,37.427595,18.078962,9.616406,-28.11
62,31,512,38.446939,7.070554,14.682222,-12.50
63,64,511,38.450959,7.690170,14.635484,-13.74
64,97,511,38.450959,8.309829,13.337594,-20.91
65,130,512,38.446939,8.929445,13.674212,-24.56
66,163,512,38.438899,9.548934,13.264393,-30.19
67,196,513,38.426842,10.168210,13.978504,-36.21
68,230,514,38.410771,10.787189,12.133097,-49.64
69,263,515,38.390689,11.405787,12.288759,-69.66
70,296,516,38.366602,12.023918,14.634577,-80.29
71,329,518,38.338515,12.641500,16.458715,-84.05
72,362,519,38.306435,13.258449,16.229786,-85.12
73,395,521,38.270370,13.874681,16.913364,-87.52
74,428,523,38.230329,14.490116,17.153286,-93.11
75,461,526,38.186321,15.104671,16.155411,-95.78
76,494,528,38.138358,15.718265,16.493084,-100.78
77,527,531,38.086450,16.330818,17.367615,-101.31
78,559,534,38.030610,16.942252,17.062233,-97.97
79,592,537,37.970852,17.552486,14.111017,-83.72
80,625,541,37.907190,18.161445,11.485781,-45.24
81,30,486,38.932547,7.062790,14.594229,-14.57
82,64,485,38.936607,7.687582,13.525181,-13.01
83,97,485,38.936607,8.312417,12.144311,-16.78
84,131,486,38.932547,8.937209,12.861901,-21.41
85,164,486,38.924428,9.561870,12.382876,-27.32
86,197,487,38.912252,10.186313,11.479241,-31.60
87,231,488,38.896022,10.810452,12.518142,-34.75
88,264,489,38.875741,11.434199,11.342314,-62.59
89,298,490,38.851416,12.057469,14.024188,-72.86
90,331,492,38.823051,12.680175,15.916281,-78.71
91,364,493,38.790655,13.302232,15.807206,-78.89
92,398,495,38.754234,13.923555,15.577123,-82.51
93,431,497,38.713798,14.544060,16.866661,-84.75
94,464,500,38.669357,15.163663,16.534580,-89.62
95,497,502,38.620921,15.782282,15.019963,-94.00
96,530,505,38.568503,16.399834,15.386311,-98.59
97,563,508,38.512115,17.016237,16.645990,-96.64
98,596,511,38.451770,17.631413,17.027802,-96.18
99,629,515,38.387484,18.245281,13.074483,-81.79
100,30,460,39.418884,7.054895,15.067571,-11.78
101,63,459,39.422985,7.684950,13.696208,-13.13
102,97,459,39.422985,8.315049,12.945763,-9.72
103,131,460,39.418884,8.945104,12.638574,-12.40
104,165,460,39.410685,9.575024,12.404411,-22.73
105,198,461,39.398388,10.204721,11.099277,-27.49
106,232,462,39.381997,10.834106,13.256236,-29.73
107,266,463,39.361516,11.463089,11.037027,-56.60
108,300,464,39.336950,12.091583,13.311249,-62.61
109,333,466,39.308305,12.719499,15.092411,-71.26
110,367,467,39.275588,13.346749,15.897523,-73.98
111,400,469,39.238808,13.973247,15.212280,-75.41
112,434,471,39.197973,14.598906,15.804391,-76.66
113,467,474,39.153093,15.223640,15.893768,-80.48
114,501,477,39.104181,15.847365,15.852315,-88.02
115,534,479,39.051246,16.469997,14.339305,-92.71
116,567,482,38.994304,17.091452,15.698597,-93.15
117,601,486,38.933366,17.711647,16.731277,-95.02
118,634,489,38.868450,18.330503,16.015949,-91.93
119,29,434,39.905922,7.046866,14.806974,-11.35
120,63,433,39.910063,7.682273,13.845968,-11.45
121,97,433,39.910063,8.317726,13.675794,-5.31
122,131,434,39.905922,8.953133,13.315970,-5.87
123,165,434,39.897641,9.588402,13.116392,-16.86
124,199,435,39.885223,10.223442,12.004742,-23.02
125,233,436,39.868669,10.858161,12.765208,-29.63
126,267,437,39.847985,11.492469,11.727329,-33.52
127,301,438,39.823176,12.126275,12.295906,-56.07
128,335,440,39.794247,12.759488,14.282876,-62.55
129,369,441,39.761207,13.392019,16.353376,-68.19
130,403,443,39.724063,14.023777,15.612587,-69.83
131,437,446,39.682824,14.654676,14.864244,-70.67
132,471,448,39.637502,15.284627,15.772958,-73.41
133,504,451,39.588107,15.913542,15.289145,-80.54
134,538,453,39.534651,16.541337,15.022255,-84.46
135,571,457,39.477148,17.167925,15.151624,-91.34
136,605,460,39.415612,17.793222,15.757918,-92.64
137,638,463,39.350057,18.417146,15.874538,-90.44
138,29,407,40.393632,7.038700,14.822346,-9.12
139,63,407,40.397814,7.679551,13.697022,-8.49
140,98,407,40.397814,8.320448,14.008342,-8.03
141,132,407,40.393632,8.961299,13.440701,-7.09
142,166,408,40.385269,9.602008,14.153481,-13.24
143,200,409,40.372727,10.242483,12.298939,-15.77
144,235,409,40.356009,10.882628,12.178235,-25.39
145,269,411,40.335120,11.522352,13.744092,-27.80
146,303,412,40.310065,12.161560,12.440568,-48.46
147,337,413,40.280850,12.800160,14.030133,-52.69
148,372,415,40.247482,13.438060,15.216879,-62.51
149,406,417,40.209970,14.075169,15.566882,-64.03
150,440,420,40.168324,14.711395,15.118530,-65.25
151,474,422,40.122554,15.346649,15.228920,-64.67
152,508,425,40.072671,15.980841,14.934664,-70.67
153,542,428,40.018688,16.613884,15.250642,-74.37
154,576,431,39.960618,17.245689,14.488256,-86.18
155,609,434,39.898477,17.876171,15.051188,-89.23
156,28,381,40.881986,7.030393,15.522423,-3.69
157,63,381,40.886209,7.676781,14.827474,-4.89
158,98,381,40.886209,8.323218,14.364743,-9.96
159,132,381,40.881986,8.969606,14.295494,-10.00
160,167,382,40.873539,9.615850,14.899852,-12.18
161,202,382,40.860873,10.261853,12.884213,-10.51
162,236,383,40.843989,10.907518,11.466038,-19.02
163,271,384,40.822892,11.552749,14.329278,-23.36
164,305,386,40.797588,12.197453,13.447805,-38.24
165,340,387,40.768083,12.841532,13.518878,-50.51
166,374,389,40.734384,13.484893,13.924730,-52.36
167,409,391,40.696501,14.127442,15.228107,-58.64
168,443,393,40.654442,14.769086,15.579670,-61.28
169,477,396,40.608219,15.409732,15.812080,-58.16
170,512,399,40.557843,16.049290,16.267605,-60.28
171,546,402,40.503328,16.687668,14.809403,-70.50
172,580,405,40.444685,17.324777,13.738226,-77.29
173,614,408,40.381932,17.960528,14.674791,-87.05
174,28,355,41.370953,7.021940,16.847319,3.89
175,63,355,41.375219,7.673963,16.998737,-1.59
176,98,355,41.375219,8.326036,15.292420,-4.99
177,133,355,41.370953,8.978059,15.053528,-8.49
178,168,356,41.362423,9.629933,15.393427,-8.78
179,203,356,41.349630,10.281560,13.938059,-4.53
180,237,357,41.332578,10.932840,12.854709,-0.78
181,272,358,41.311272,11.583676,13.028478,-13.06
182,307,360,41.285716,12.233969,13.673634,-34.42
183,342,361,41.255918,12.883622,13.573025,-44.48
184,377,363,41.221885,13.532538,13.499640,-44.58
185,411,365,41.183626,14.180621,14.662052,-50.56
186,446,367,41.141150,14.827775,15.251333,-56.21
187,481,370,41.094469,15.473905,15.876237,-55.41
188,515,373,41.043595,16.118918,16.575176,-53.95
189,550,376,40.988540,16.762721,15.689297,-58.67
190,584,379,40.929319,17.405222,13.481074,-68.49
191,618,382,40.865946,18.046331,13.979724,-78.48
192,27,329,41.860505,7.013339,19.070721,6.83
193,63,329,41.864814,7.671096,18.054569,3.95
194,98,329,41.864814,8.328903,16.623404,-0.37
195,133,329,41.860505,8.986660,15.627288,-6.22
196,168,329,41.851890,9.644264,15.624061,-5.25
197,204,330,41.838970,10.301613,15.628042,-4.40
198,239,331,41.821748,10.958608,14.599437,-8.23
199,274,332,41.800229,11.615145,12.915295,-12.73
200,309,333,41.774419,12.271126,13.642761,-27.39
201,344,335,41.744325,12.926450,14.663911,-33.50
202,379,337,41.709953,13.581017,14.372615,-35.22
203,414,339,41.671314,14.234729,14.408447,-43.79
204,449,341,41.628417,14.887487,14.460155,-48.69
205,484,344,41.581273,15.539195,15.461005,-54.86
206,519,347,41.529895,16.189756,16.226147,-51.19
207,554,350,41.474295,16.839076,16.724136,-51.03
208,589,353,41.414489,17.487060,14.885789,-59.60
209,623,356,41.350490,18.133615,13.735809,-66.30
210,27,303,42.350612,7.004586,21.719921,8.09
211,63,302,42.354963,7.668177,18.673817,7.37
212,98,302,42.354963,8.331821,17.910337,4.72
213,134,303,42.350612,8.995413,16.997355,1.41
214,169,303,42.341910,9.658848,16.714939,0.19
215,205,304,42.328861,10.322022,16.264017,-2.02
216,240,305,42.311468,10.984832,12.782897,-3.45
217,276,306,42.289734,11.647172,13.134582,-9.74
218,311,307,42.263667,12.308940,13.380264,-18.15
219,347,309,42.233272,12.970034,15.837557,-20.91
220,382,311,42.198559,13.630351,15.070818,-25.58
221,417,313,42.159535,14.289790,15.123447,-37.37
222,453,315,42.116212,14.948250,14.682339,-44.38
223,488,318,42.068600,15.605632,15.829170,-51.65
224,523,320,42.016712,16.261837,16.362434,-49.16
225,558,324,41.960561,16.916767,17.079617,-45.48
226,593,327,41.900163,17.570326,16.352449,-50.81
227,628,330,41.835532,18.222419,14.386467,-54.78
228,27,276,42.841242,6.995675,22.427799,9.02
229,62,276,42.845637,7.665207,20.158772,9.85
230,98,276,42.845637,8.334792,18.958237,12.01
231,134,276,42.841242,9.004324,18.279213,7.95
232,170,277,42.832453,9.673694,17.155336,0.63
233,206,278,42.819274,10.342797,16.646580,0.19
234,242,278,42.801707,11.011524,13.631420,4.26
235,277,280,42.779756,11.679771,15.937598,-3.59
236,313,281,42.753429,12.347429,14.780770,-4.91
237,349,283,42.722731,13.014395,16.527967,-11.31
238,385,285,42.687671,13.680564,15.309162,-19.03
239,420,287,42.648259,14.345830,15.811860,-30.23
240,456,289,42.604504,15.010092,16.035999,-40.44
241,491,292,42.556419,15.673246,16.856236,-45.96
242,527,294,42.504015,16.335192,16.710651,-47.97
243,562,297,42.447308,16.995829,16.767193,-44.65
244,598,301,42.386311,17.655059,16.432831,-46.98
245,633,304,42.321041,18.312784,15.413164,-46.03
246,26,250,43.332365,6.986604,22.304333,13.74
247,62,250,43.336804,7.662183,20.739479,11.81
248,98,250,43.336804,8.337816,19.815645,14.42
249,135,250,43.332365,9.013395,18.875675,11.15
250,171,250,43.323489,9.688808,17.173838,5.80
251,207,251,43.310177,10.363946,16.995153,1.07
252,243,252,43.292434,11.038698,17.172148,7.14
253,279,253,43.270264,11.712957,19.861589,4.83
254,315,255,43.243673,12.386611,17.045977,1.63
255,351,256,43.212669,13.059554,16.853233,-7.35
256,387,258,43.177259,13.731678,16.986755,-13.97
257,423,260,43.137453,14.402875,16.874821,-23.17
258,459,263,43.093262,15.073041,16.287867,-34.17
259,495,265,43.044698,15.742069,17.059971,-40.99
260,531,268,42.991774,16.409856,17.046785,-45.60
261,567,271,42.934503,17.076299,17.510471,-43.33
262,602,275,42.872901,17.741297,17.489803,-44.13
263,638,278,42.806984,18.404750,17.788034,-42.20
264,26,224,43.823949,6.977368,21.603224,21.56
265,62,223,43.828433,7.659103,21.327536,13.74
266,99,223,43.828433,8.340896,20.298683,13.40
267,135,224,43.823949,9.022631,19.480804,9.51
268,172,224,43.814984,9.704197,17.909742,8.54
269,208,225,43.801539,10.385480,17.531736,5.36
270,245,226,43.783618,11.066367,17.506500,4.39
271,281,227,43.761226,11.746746,18.477106,-1.26
272,317,228,43.734369,12.426505,18.960152,-0.63
273,354,230,43.703054,13.105533,19.430229,-4.32
274,390,232,43.667290,13.783719,18.314579,-12.94
275,426,234,43.627087,14.460953,16.585392,-18.84
276,463,237,43.582455,15.137127,16.956532,-25.87
277,499,239,43.533406,15.812133,17.803631,-35.75
278,535,242,43.479955,16.485864,18.591871,-40.67
279,571,245,43.422114,17.158215,18.439985,-40.12
280,607,249,43.359900,17.829081,17.751081,-41.17
281,643,252,43.293329,18.498361,19.118759,-40.49
282,25,197,44.315964,6.967961,21.590748,26.45
283,62,197,44.320492,7.655967,22.106339,22.23
284,99,197,44.320492,8.344032,21.958565,16.19
285,136,197,44.315964,9.032038,21.402143,10.54
286,172,198,44.306908,9.719869,20.195902,8.89
287,209,199,44.293328,10.407410,19.042274,9.64
288,246,200,44.275227,11.094544,18.563097,8.03
289,283,201,44.252610,11.781156,18.843801,-0.13
290,320,202,44.225484,12.467130,18.586346,-9.85
291,356,204,44.193855,13.152353,18.314579,-12.94
292,393,206,44.157733,13.836711,17.750113,-11.61
293,430,208,44.117127,14.520091,16.348648,-15.01
294,466,210,44.072049,15.202381,17.786192,-19.08
295,503,213,44.022511,15.883472,18.852360,-29.03
296,539,216,43.968525,16.563252,18.585634,-33.29
297,575,219,43.910108,17.241614,18.487322,-38.94
298,612,222,43.847275,17.918452,18.951477,-39.34
299,25,171,44.808376,6.958380,22.893608,31.31
300,62,171,44.812950,7.652773,24.447790,25.29
301,99,171,44.812950,8.347226,23.255108,16.96
302,136,171,44.808376,9.041619,21.264841,10.25
303,173,171,44.799229,9.735832,20.739058,3.80
304,210,172,44.785512,10.429747,21.451561,11.23
305,248,173,44.767229,11.123243,19.226954,4.49
306,285,174,44.744385,11.816203,18.544273,0.68
307,322,176,44.716986,12.508507,16.596916,-7.34
308,359,178,44.685040,13.200039,18.228867,-6.06
309,396,180,44.648555,13.890682,17.759388,-15.55
310,433,182,44.607542,14.580319,18.149254,-13.91
311,470,184,44.562012,15.268837,18.893005,-12.74
312,507,187,44.511978,15.956120,18.465660,-20.53
313,543,190,44.457454,16.642058,19.086178,-28.87
314,580,193,44.398453,17.326539,19.656170,-35.29
315,617,196,44.334994,18.009453,20.534548,-40.74
316,24,145,45.301153,6.948619,26.815756,32.23
317,62,144,45.305773,7.649519,26.124178,27.73
318,99,144,45.305773,8.350480,23.729471,20.22
319,137,145,45.301153,9.051380,21.758661,9.92
320,174,145,45.291914,9.752095,21.884607,4.12
321,212,146,45.278059,10.452502,21.054699,6.90
322,249,147,45.259591,11.152480,18.491329,8.48
323,287,148,45.236517,11.851905,17.890558,5.68
324,324,150,45.208842,12.550657,16.362768,2.62
325,361,151,45.176574,13.248614,17.277927,-1.56
326,399,153,45.139723,13.945657,18.958555,-8.93
327,436,155,45.098298,14.641667,20.101786,-10.43
328,473,158,45.052311,15.336525,19.696062,-13.30
329,510,161,45.001776,16.030115,19.084532,-18.89
330,548,164,44.946705,16.722322,19.572729,-26.13
331,585,167,44.887115,17.413031,19.751629,-30.65
332,621,170,44.823022,18.102129,20.572681,-32.19
333,23,118,45.794262,6.938674,29.543320,28.01
334,61,118,45.798929,7.646203,27.692261,27.12
335,99,118,45.798929,8.353796,28.904131,25.09
336,137,118,45.794262,9.061325,26.132801,12.81
337,175,119,45.784930,9.768664,23.702873,7.64
338,213,119,45.770934,10.475687,22.598719,3.06
339,251,120,45.752281,11.182268,19.939337,13.95
340,289,122,45.728973,11.888281,19.411772,13.03
341,326,123,45.701019,12.593601,19.472790,4.14
342,364,125,45.668426,13.298104,19.970592,-2.40
343,402,127,45.631204,14.001667,20.749674,-10.29
344,439,129,45.589362,14.704167,20.673037,-6.71
345,477,132,45.542913,15.405482,19.621454,-6.01
346,515,134,45.491870,16.105494,21.695471,-10.36
347,552,137,45.436247,16.804084,21.562557,-20.06
348,589,141,45.376060,17.501133,20.743439,-23.46
349,627,144,45.311326,18.196527,21.538950,-29.47
350,23,92,46.287670,6.928539,33.301304,28.88
351,61,91,46.292384,7.642824,29.818998,26.80
352,99,91,46.292384,8.357175,30.224236,22.57
353,138,92,46.287670,9.071460,27.600460,19.38
354,176,92,46.278243,9.785550,27.666447,14.19
355,214,93,46.264106,10.499315,23.116644,11.41
356,252,94,46.245263,11.212625,22.903543,12.78
357,291,95,46.221720,11.925350,21.680902,13.43
358,329,97,46.193484,12.637363,21.399387,7.77
359,367,99,46.160561,13.348535,21.579208,-3.97
360,405,101,46.122963,14.058739,21.908594,-10.70
361,443,103,46.080699,14.767850,21.085075,-5.32
362,481,105,46.033783,15.475744,21.297148,-0.83
363,519,108,45.982226,16.182296,22.477480,-9.06
364,556,111,45.926044,16.887385,22.323597,-17.66
365,594,114,45.865253,17.590891,21.749022,-22.02
366,632,118,45.799870,18.292694,22.557676,-26.51
367,22,65,46.781342,6.918208,29.727402,25.54
368,61,65,46.786104,7.639380,32.368755,22.63
369,100,65,46.786104,8.360619,30.726320,25.13
370,138,65,46.781342,9.081791,30.200043,20.03
371,177,66,46.771820,9.802762,29.750345,17.06
372,216,67,46.757540,10.523398,25.962925,14.09
373,254,68,46.738506,11.243565,26.125446,16.55
374,293,69,46.714724,11.963132,25.156935,15.18
375,331,70,46.686201,12.681965,25.316072,6.86
376,370,72,46.652946,13.399932,24.854076,-2.30
377,408,74,46.614967,14.116905,24.494095,-10.97
378,446,76,46.572277,14.832752,23.983776,-8.80
379,485,79,46.524886,15.547347,22.339699,-6.47
380,523,82,46.472810,16.260561,23.118357,-11.72
381,561,85,46.416062,16.972271,23.820763,-18.68
382,599,88,46.354660,17.682351,24.049782,-21.16
383,637,92,46.288621,18.390681,23.814631,-24.66
384,22,39,47.275246,6.907676,28.343153,18.71
385,61,39,47.280056,7.635869,29.673376,25.73
386,100,39,47.280056,8.364130,31.983799,21.26
387,139,39,47.275246,9.092323,30.624384,19.94
388,178,39,47.265626,9.820308,29.881229,15.54
389,217,40,47.251201,10.547949,28.745855,14.59
390,256,41,47.231974,11.275108,28.002892,13.81
391,295,42,47.207951,12.001647,27.833385,11.39
392,334,44,47.179138,12.727432,27.086288,9.30
393,372,46,47.145545,13.452326,28.312561,-2.69
394,411,48,47.107182,14.176196,28.146286,-5.80
395,450,50,47.064059,14.898907,25.764380,-3.62
396,489,53,47.016189,15.620330,26.420603,-4.53
397,527,56,46.963586,16.340332,26.953743,-10.53
398,566,59,46.906266,17.058785,26.683933,-15.88
399,604,62,46.844245,17.775563,25.950253,-18.86
400,642,65,46.777541,18.490539,25.127102,-23.71
401,21,12,47.769345,6.896937,24.049154,20.69
402,61,12,47.774205,7.632288,26.696165,19.99
403,100,12,47.774205,8.367711,29.114079,25.55
404,139,12,47.769345,9.103062,31.539934,20.93
405,179,13,47.759628,9.838200,31.007942,17.62
406,218,14,47.745056,10.572983,31.147486,15.33
407,258,15,47.725632,11.307269,28.815140,12.20
408,297,16,47.701364,12.040918,27.985247,11.95
409,336,18,47.672259,12.773790,29.303158,4.69
410,375,19,47.638324,13.505744,28.881121,0.24
411,414,21,47.599571,14.236644,27.844446,0.79
412,454,24,47.556010,14.966352,28.103718,-1.37
413,493,26,47.507655,15.694733,28.907036,-3.29
414,531,29,47.454520,16.421652,27.516260,-6.63
415,570,32,47.396620,17.146976,28.215586,-13.19
416,609,36,47.333973,17.870576,27.372049,-17.33
417,497,0,47.999249,15.770598,31.366844,-1.40
418,536,3,47.945575,16.504566,30.192282,-3.66
419,575,6,47.887088,17.236892,27.014605,-10.15
420,614,9,47.823807,17.967443,25.401939,-14.61
