vector_id,pixel_x,pixel_y,latitude,longitude,magnitude,alpha_deg
0,0,616,36.504607,6.500736,16.867300,-21.49
1,32,615,36.512337,7.100364,16.477720,-21.33
2,64,615,36.516202,7.700108,15.340603,-22.25
3,96,615,36.516202,8.299891,15.570135,-32.28
4,129,615,36.512337,8.899635,15.332518,-41.11
5,161,616,36.504607,9.499263,15.843230,-42.95
6,32,589,36.994759,7.093092,17.427616,-21.21
7,64,589,36.998662,7.697684,17.211229,-19.94
8,97,589,36.998662,8.302315,16.305063,-24.05
9,129,589,36.994759,8.906907,15.675550,-30.98
10,161,590,36.986953,9.511380,16.158417,-37.91
11,194,591,36.975246,10.115655,14.289437,-35.59
12,226,591,36.959642,10.719655,13.952271,-53.58
13,258,592,36.940143,11.323300,14.686447,-68.59
14,291,594,36.916755,11.926512,16.570185,-70.87
15,323,595,36.889483,12.529213,18.289478,-81.11
16,355,597,36.858333,13.131326,18.900953,-94.41
17,387,599,36.823313,13.732773,20.414917,-108.96
18,420,601,36.784431,14.333479,20.968885,-109.70
19,452,603,36.741697,14.933367,17.180956,-103.02
20,484,606,36.695120,15.532361,8.952740,-62.12
21,516,608,36.644711,16.130388,8.340898,-37.40
22,548,611,36.590482,16.727372,8.624449,-34.21
23,580,614,36.532447,17.323242,8.808515,-40.98
24,31,564,37.478018,7.085702,17.975172,-20.42
25,64,563,37.481960,7.695220,18.021341,-21.21
26,97,563,37.481960,8.304779,16.597198,-22.56
27,129,564,37.478018,8.914297,16.353281,-26.86
28,162,564,37.470135,9.523694,14.731989,-31.64
29,195,565,37.458313,10.132888,13.942924,-30.50
30,227,566,37.442554,10.741800,12.867553,-47.34
31,260,567,37.422863,11.350348,13.513638,-60.97
32,292,568,37.399244,11.958453,14.524884,-67.56
33,325,569,37.371703,12.566034,16.451242,-74.35
34,357,571,37.340247,13.173013,17.173166,-90.16
35,390,573,37.304882,13.779310,17.815422,-103.00
36,422,575,37.265618,14.384847,19.394745,-109.99
37,455,577,37.222464,14.989545,20.680590,-112.38
38,487,580,37.175430,15.593329,15.250451,-102.65
39,519,583,37.124526,16.196122,7.985562,-60.11
40,552,585,37.069766,16.797847,9.917322,-31.12
41,584,589,37.011162,17.398431,8.810134,-34.11
42,616,592,36.948729,17.997799,8.824745,-40.89
43,31,538,37.962086,7.078190,17.210932,-15.40
44,64,537,37.966067,7.692716,17.137117,-19.48
45,97,537,37.966067,8.307283,15.914420,-18.44
46,130,538,37.962087,8.921809,16.111681,-19.49
47,163,538,37.954126,9.536210,14.305177,-26.15
48,196,539,37.942187,10.150404,13.493715,-25.79
49,228,540,37.926273,10.764308,12.004694,-38.73
50,261,541,37.906387,11.377840,12.896966,-53.68
51,294,542,37.882536,11.990917,13.239773,-65.02
52,327,543,37.854723,12.603458,15.065282,-65.46
53,360,545,37.822957,13.215381,15.827584,-80.81
54,392,547,37.787244,13.826606,16.954231,-94.84
55,425,549,37.747593,14.437052,17.050579,-104.71
56,458,552,37.704015,15.046639,18.844645,-107.13
57,490,554,37.656518,15.655289,18.865778,-109.98
58,523,557,37.605115,16.262924,14.648221,-94.51
59,555,560,37.549818,16.869465,10.499065,-57.38
60,588,563,37.490640,17.474836,9.715541,-34.25
61,620,566,37.427595,18.078962,9.229464,-35.15
62,31,512,38.446939,7.070554,16.210135,-12.76
63,64,511,38.450959,7.690170,15.733782,-17.24
64,97,511,38.450959,8.309829,14.869657,-15.03
65,130,512,38.446939,8.929445,15.771909,-12.54
66,163,512,38.438899,9.548934,13.151742,-17.19
67,196,513,38.426842,10.168210,12.905230,-20.01
68,230,514,38.410771,10.787189,11.193135,-30.52
69,263,515,38.390689,11.405787,11.917752,-44.88
70,296,516,38.366602,12.023918,12.630191,-59.81
71,329,518,38.338515,12.641500,13.779697,-58.04
72,362,519,38.306435,13.258449,14.218348,-70.04
73,395,521,38.270370,13.874681,15.206434,-85.49
74,428,523,38.230329,14.490116,14.870682,-98.83
75,461,526,38.186321,15.104671,16.095478,-101.39
76,494,528,38.138358,15.718265,18.803675,-107.68
77,527,531,38.086450,16.330818,19.661152,-107.80
78,559,534,38.030610,16.942252,15.578965,-98.51
79,592,537,37.970852,17.552486,10.691152,-57.31
80,625,541,37.907190,18.161445,10.666829,-29.11
81,30,486,38.932547,7.062790,15.446568,-11.40
82,64,485,38.936607,7.687582,14.591718,-14.07
83,97,485,38.936607,8.312417,14.343559,-12.29
84,131,486,38.932547,8.937209,15.445831,-7.09
85,164,486,38.924428,9.561870,12.812842,-11.79
86,197,487,38.912252,10.186313,11.933244,-14.52
87,231,488,38.896022,10.810452,10.563034,-23.79
88,264,489,38.875741,11.434199,10.576163,-35.75
89,298,490,38.851416,12.057469,11.651234,-50.07
90,331,492,38.823051,12.680175,12.865609,-54.33
91,364,493,38.790655,13.302232,12.573737,-58.32
92,398,495,38.754234,13.923555,13.700070,-74.12
93,431,497,38.713798,14.544060,13.859312,-89.44
94,464,500,38.669357,15.163663,13.994221,-97.00
95,497,502,38.620921,15.782282,16.166874,-99.76
96,530,505,38.568503,16.399834,17.430082,-101.51
97,563,508,38.512115,17.016237,18.543989,-102.55
98,596,511,38.451770,17.631413,13.619301,-92.05
99,629,515,38.387484,18.245281,8.826226,-50.69
100,30,460,39.418884,7.054895,15.824462,-12.61
101,63,459,39.422985,7.684950,15.118568,-9.97
102,97,459,39.422985,8.315049,14.994459,-8.14
103,131,460,39.418884,8.945104,15.322601,-4.24
104,165,460,39.410685,9.575024,12.407774,-8.70
105,198,461,39.398388,10.204721,11.457591,-10.83
106,232,462,39.381997,10.834106,10.288117,-18.89
107,266,463,39.361516,11.463089,9.947406,-28.76
108,300,464,39.336950,12.091583,11.002623,-40.25
109,333,466,39.308305,12.719499,12.807665,-51.03
110,367,467,39.275588,13.346749,12.995076,-51.31
111,400,469,39.238808,13.973247,12.547278,-61.65
112,434,471,39.197973,14.598906,13.280241,-77.40
113,467,474,39.153093,15.223640,13.270915,-89.72
114,501,477,39.104181,15.847365,13.705771,-93.96
115,534,479,39.051246,16.469997,16.792717,-95.75
116,567,482,38.994304,17.091452,18.074541,-95.93
117,601,486,38.933366,17.711647,17.840281,-96.38
118,634,489,38.868450,18.330503,12.460976,-84.50
119,29,434,39.905922,7.046866,16.453947,-11.35
120,63,433,39.910063,7.682273,15.814075,-7.04
121,97,433,39.910063,8.317726,15.086164,-3.95
122,131,434,39.905922,8.953133,14.805152,-3.67
123,165,434,39.897641,9.588402,11.982792,-4.68
124,199,435,39.885223,10.223442,11.228843,-8.18
125,233,436,39.868669,10.858161,11.135609,-11.00
126,267,437,39.847985,11.492469,9.956487,-24.74
127,301,438,39.823176,12.126275,10.889401,-36.17
128,335,440,39.794247,12.759488,12.201519,-45.60
129,369,441,39.761207,13.392019,13.876283,-47.16
130,403,443,39.724063,14.023777,12.171961,-54.39
131,437,446,39.682824,14.654676,12.508104,-64.16
132,471,448,39.637502,15.284627,12.380754,-79.84
133,504,451,39.588107,15.913542,12.812521,-88.16
134,538,453,39.534651,16.541337,14.138253,-90.38
135,571,457,39.477148,17.167925,16.706522,-93.41
136,605,460,39.415612,17.793222,17.482668,-93.48
137,638,463,39.350057,18.417146,17.135275,-94.63
138,29,407,40.393632,7.038700,16.773638,-5.89
139,63,407,40.397814,7.679551,15.693042,-4.25
140,98,407,40.397814,8.320448,14.498554,-0.68
141,132,407,40.393632,8.961299,14.245951,-3.31
142,166,408,40.385269,9.602008,11.884063,2.30
143,200,409,40.372727,10.242483,10.946250,-3.01
144,235,409,40.356009,10.882628,12.532003,-6.61
145,269,411,40.335120,11.522352,10.435277,-20.06
146,303,412,40.310065,12.161560,10.949520,-28.29
147,337,413,40.280850,12.800160,11.574417,-37.89
148,372,415,40.247482,13.438060,13.347749,-43.47
149,406,417,40.209970,14.075169,12.676624,-48.92
150,440,420,40.168324,14.711395,12.073337,-53.79
151,474,422,40.122554,15.346649,12.134108,-60.96
152,508,425,40.072671,15.980841,12.384711,-75.70
153,542,428,40.018688,16.613884,12.975894,-85.23
154,576,431,39.960618,17.245689,14.883078,-88.86
155,609,434,39.898477,17.876171,16.616859,-90.96
156,28,381,40.881986,7.030393,17.469038,0.55
157,63,381,40.886209,7.676781,16.638334,-0.27
158,98,381,40.886209,8.323218,15.175093,2.04
159,132,381,40.881986,8.969606,14.822153,-1.02
160,167,382,40.873539,9.615850,12.790798,8.27
161,202,382,40.860873,10.261853,10.029146,3.61
162,236,383,40.843989,10.907518,13.638499,-9.22
163,271,384,40.822892,11.552749,11.219226,-18.27
164,305,386,40.797588,12.197453,10.722725,-26.51
165,340,387,40.768083,12.841532,11.478372,-33.50
166,374,389,40.734384,13.484893,12.814607,-41.20
167,409,391,40.696501,14.127442,12.937202,-44.64
168,443,393,40.654442,14.769086,12.147244,-47.15
169,477,396,40.608219,15.409732,12.667298,-51.60
170,512,399,40.557843,16.049290,12.696696,-59.02
171,546,402,40.503328,16.687668,12.881335,-72.43
172,580,405,40.444685,17.324777,13.711118,-76.52
173,614,408,40.381932,17.960528,15.650118,-82.91
174,28,355,41.370953,7.021940,19.184029,6.62
175,63,355,41.375219,7.673963,17.692804,2.55
176,98,355,41.375219,8.326036,15.992729,5.26
177,133,355,41.370953,8.978059,15.420969,4.54
178,168,356,41.362423,9.629933,14.273555,9.92
179,203,356,41.349630,10.281560,11.662427,20.09
180,237,357,41.332578,10.932840,12.887355,-0.77
181,272,358,41.311272,11.583676,12.156733,-14.69
182,307,360,41.285716,12.233969,11.018300,-26.11
183,342,361,41.255918,12.883622,11.667464,-29.33
184,377,363,41.221885,13.532538,12.720061,-37.59
185,411,365,41.183626,14.180621,12.944592,-40.15
186,446,367,41.141150,14.827775,12.513314,-39.60
187,481,370,41.094469,15.473905,12.572234,-42.93
188,515,373,41.043595,16.118918,13.480283,-49.81
189,550,376,40.988540,16.762721,12.691650,-59.62
190,584,379,40.929319,17.405222,13.328389,-69.28
191,618,382,40.865946,18.046331,15.262688,-71.55
192,27,329,41.860505,7.013339,19.771278,12.43
193,63,329,41.864814,7.671096,18.714819,7.65
194,98,329,41.864814,8.328903,17.199945,9.99
195,133,329,41.860505,8.986660,16.560614,8.32
196,168,329,41.851890,9.644264,15.077092,10.10
197,204,330,41.838970,10.301613,12.973829,13.59
198,239,331,41.821748,10.958608,11.865093,8.47
199,274,332,41.800229,11.615145,12.631038,-8.40
200,309,333,41.774419,12.271126,12.780280,-16.69
201,344,335,41.744325,12.926450,12.067623,-23.21
202,379,337,41.709953,13.581017,12.385949,-28.94
203,414,339,41.671314,14.234729,12.790941,-36.82
204,449,341,41.628417,14.887487,13.702963,-38.36
205,484,344,41.581273,15.539195,13.720434,-38.13
206,519,347,41.529895,16.189756,14.706658,-42.13
207,554,350,41.474295,16.839076,13.843589,-50.21
208,589,353,41.414489,17.487060,14.160203,-57.02
209,623,356,41.350490,18.133615,14.989958,-66.10
210,27,303,42.350612,7.004586,20.508249,17.25
211,63,302,42.354963,7.668177,19.466970,13.94
212,98,302,42.354963,8.331821,18.090406,13.91
213,134,303,42.350612,8.995413,17.299265,11.71
214,169,303,42.341910,9.658848,14.545393,13.72
215,205,304,42.328861,10.322022,11.380392,13.92
216,240,305,42.311468,10.984832,11.515728,6.70
217,276,306,42.289734,11.647172,13.104528,-2.38
218,311,307,42.263667,12.308940,14.665914,-8.69
219,347,309,42.233272,12.970034,13.722499,-16.06
220,382,311,42.198559,13.630351,12.576046,-24.06
221,417,313,42.159535,14.289790,13.446186,-29.01
222,453,315,42.116212,14.948250,13.975913,-35.41
223,488,318,42.068600,15.605632,15.203196,-34.57
224,523,320,42.016712,16.261837,15.972249,-37.58
225,558,324,41.960561,16.916767,16.200741,-44.17
226,593,327,41.900163,17.570326,15.563305,-49.75
227,628,330,41.835532,18.222419,14.700162,-54.94
228,27,276,42.841242,6.995675,21.535868,21.11
229,62,276,42.845637,7.665207,20.232330,19.25
230,98,276,42.845637,8.334792,19.574488,19.25
231,134,276,42.841242,9.004324,17.804396,18.18
232,170,277,42.832453,9.673694,16.034197,19.69
233,206,278,42.819274,10.342797,12.136812,26.26
234,242,278,42.801707,11.011524,14.395468,6.10
235,277,280,42.779756,11.679771,14.966707,3.73
236,313,281,42.753429,12.347429,15.640562,-5.06
237,349,283,42.722731,13.014395,14.462469,-9.94
238,385,285,42.687671,13.680564,13.413179,-19.92
239,420,287,42.648259,14.345830,13.382272,-22.81
240,456,289,42.604504,15.010092,13.733692,-32.39
241,491,292,42.556419,15.673246,15.094666,-33.01
242,527,294,42.504015,16.335192,16.435282,-35.42
243,562,297,42.447308,16.995829,17.716923,-38.68
244,598,301,42.386311,17.655059,16.109673,-43.12
245,633,304,42.321041,18.312784,15.544636,-46.74
246,26,250,43.332365,6.986604,22.904980,25.41
247,62,250,43.336804,7.662183,21.608908,24.41
248,98,250,43.336804,8.337816,20.859333,22.56
249,135,250,43.332365,9.013395,18.375610,23.90
250,171,250,43.323489,9.688808,17.217995,22.34
251,207,251,43.310177,10.363946,15.904694,24.67
252,243,252,43.292434,11.038698,16.518175,14.15
253,279,253,43.270264,11.712957,16.151987,5.99
254,315,255,43.243673,12.386611,15.839058,-1.52
255,351,256,43.212669,13.059554,14.705512,-7.21
256,387,258,43.177259,13.731678,13.480642,-15.66
257,423,260,43.137453,14.402875,13.861685,-22.12
258,459,263,43.093262,15.073041,13.973441,-29.40
259,495,265,43.044698,15.742069,14.880397,-32.55
260,531,268,42.991774,16.409856,15.489593,-33.70
261,567,271,42.934503,17.076299,17.613518,-36.53
262,602,275,42.872901,17.741297,17.004719,-41.32
263,638,278,42.806984,18.404750,16.816528,-41.18
264,26,224,43.823949,6.977368,24.817892,27.44
265,62,223,43.828433,7.659103,22.789747,25.20
266,99,223,43.828433,8.340896,22.236704,26.32
267,135,224,43.823949,9.022631,19.409321,27.81
268,172,224,43.814984,9.704197,18.030602,22.67
269,208,225,43.801539,10.385480,17.876484,18.42
270,245,226,43.783618,11.066367,18.569162,13.05
271,281,227,43.761226,11.746746,18.158062,7.10
272,317,228,43.734369,12.426505,17.247211,1.90
273,354,230,43.703054,13.105533,15.930008,-6.31
274,390,232,43.667290,13.783719,15.513772,-12.16
275,426,234,43.627087,14.460953,13.511931,-21.59
276,463,237,43.582455,15.137127,13.724306,-27.92
277,499,239,43.533406,15.812133,14.441472,-35.01
278,535,242,43.479955,16.485864,16.705400,-32.97
279,571,245,43.422114,17.158215,18.336319,-35.46
280,607,249,43.359900,17.829081,18.103762,-40.74
281,643,252,43.293329,18.498361,18.583004,-34.81
282,25,197,44.315964,6.967961,24.579140,26.60
283,62,197,44.320492,7.655967,25.399618,29.14
284,99,197,44.320492,8.344032,23.682581,27.35
285,136,197,44.315964,9.032038,22.537222,28.33
286,172,198,44.306908,9.719869,19.088120,24.79
287,209,199,44.293328,10.407410,18.557625,17.52
288,246,200,44.275227,11.094544,19.650717,11.40
289,283,201,44.252610,11.781156,19.723087,3.91
290,320,202,44.225484,12.467130,19.227699,1.98
291,356,204,44.193855,13.152353,18.420572,-1.79
292,393,206,44.157733,13.836711,16.865993,-8.40
293,430,208,44.117127,14.520091,14.584657,-14.71
294,466,210,44.072049,15.202381,14.568269,-25.37
295,503,213,44.022511,15.883472,15.967536,-30.48
296,539,216,43.968525,16.563252,17.728006,-29.12
297,575,219,43.910108,17.241614,18.905514,-36.66
298,612,222,43.847275,17.918452,19.669004,-31.47
299,25,171,44.808376,6.958380,26.287827,32.44
300,62,171,44.812950,7.652773,25.879395,33.10
301,99,171,44.812950,8.347226,24.815294,29.98
302,136,171,44.808376,9.041619,23.916601,27.48
303,173,171,44.799229,9.735832,20.778852,24.89
304,210,172,44.785512,10.429747,19.839844,20.60
305,248,173,44.767229,11.123243,20.526949,12.14
306,285,174,44.744385,11.816203,20.344706,4.75
307,322,176,44.716986,12.508507,21.005428,3.50
308,359,178,44.685040,13.200039,20.295513,-2.58
309,396,180,44.648555,13.890682,18.339865,-4.90
310,433,182,44.607542,14.580319,15.309508,-6.46
311,470,184,44.562012,15.268837,16.130592,-18.42
312,507,187,44.511978,15.956120,17.201448,-28.32
313,543,190,44.457454,16.642058,18.528433,-30.60
314,580,193,44.398453,17.326539,19.738897,-30.50
315,617,196,44.334994,18.009453,20.535215,-33.04
316,24,145,45.301153,6.948619,27.600197,33.84
317,62,144,45.305773,7.649519,26.318005,34.09
318,99,144,45.305773,8.350480,25.174345,31.47
319,137,145,45.301153,9.051380,24.694149,27.35
320,174,145,45.291914,9.752095,22.210363,24.23
321,212,146,45.278059,10.452502,20.325703,20.73
322,249,147,45.259591,11.152480,19.887135,14.92
323,287,148,45.236517,11.851905,19.175341,6.99
324,324,150,45.208842,12.550657,20.500776,2.46
325,361,151,45.176574,13.248614,20.997595,-1.57
326,399,153,45.139723,13.945657,18.727175,-2.42
327,436,155,45.098298,14.641667,16.807159,-1.64
328,473,158,45.052311,15.336525,17.374107,-16.74
329,510,161,45.001776,16.030115,17.711733,-22.90
330,548,164,44.946705,16.722322,18.755245,-28.24
331,585,167,44.887115,17.413031,20.877188,-26.19
332,621,170,44.823022,18.102129,21.894850,-26.96
333,23,118,45.794262,6.938674,29.222088,35.01
334,61,118,45.798929,7.646203,27.669436,32.68
335,99,118,45.798929,8.353796,25.656759,30.65
336,137,118,45.794262,9.061325,24.779636,26.21
337,175,119,45.784930,9.768664,23.429850,18.92
338,213,119,45.770934,10.475687,21.038139,20.54
339,251,120,45.752281,11.182268,20.399065,15.54
340,289,122,45.728973,11.888281,20.316765,8.98
341,326,123,45.701019,12.593601,19.659565,1.39
342,364,125,45.668426,13.298104,20.206738,-2.77
343,402,127,45.631204,14.001667,18.157988,0.34
344,439,129,45.589362,14.704167,17.584473,1.05
345,477,132,45.542913,15.405482,18.391893,-8.18
346,515,134,45.491870,16.105494,19.625668,-14.40
347,552,137,45.436247,16.804084,18.733219,-19.56
348,589,141,45.376060,17.501133,20.298489,-23.80
349,627,144,45.311326,18.196527,21.657814,-28.76
350,23,92,46.287670,6.928539,32.506283,33.63
351,61,91,46.292384,7.642824,30.507954,34.46
352,99,91,46.292384,8.357175,26.917868,31.05
353,138,92,46.287670,9.071460,26.552334,28.59
354,176,92,46.278243,9.785550,23.567654,19.21
355,214,93,46.264106,10.499315,25.245329,17.00
356,252,94,46.245263,11.212625,22.589502,10.54
357,291,95,46.221720,11.925350,22.094522,5.26
358,329,97,46.193484,12.637363,21.288685,-0.21
359,367,99,46.160561,13.348535,20.202021,-5.33
360,405,101,46.122963,14.058739,19.691689,3.56
361,443,103,46.080699,14.767850,20.860348,4.21
362,481,105,46.033783,15.475744,22.028738,-4.64
363,519,108,45.982226,16.182296,21.661816,-13.02
364,556,111,45.926044,16.887385,22.321079,-16.90
365,594,114,45.865253,17.590891,22.812250,-23.06
366,632,118,45.799870,18.292694,23.738941,-30.37
367,22,65,46.781342,6.918208,33.419483,32.03
368,61,65,46.786104,7.639380,32.426750,33.20
369,100,65,46.786104,8.360619,31.970480,30.65
370,138,65,46.781342,9.081791,30.582758,29.64
371,177,66,46.771820,9.802762,26.553144,22.23
372,216,67,46.757540,10.523398,26.968529,14.39
373,254,68,46.738506,11.243565,26.486477,8.57
374,293,69,46.714724,11.963132,24.825321,5.32
375,331,70,46.686201,12.681965,24.151150,1.57
376,370,72,46.652946,13.399932,22.680153,-1.76
377,408,74,46.614967,14.116905,21.960676,-2.87
378,446,76,46.572277,14.832752,22.567917,2.00
379,485,79,46.524886,15.547347,24.604042,-6.11
380,523,82,46.472810,16.260561,23.244505,-11.42
381,561,85,46.416062,16.972271,23.234060,-16.30
382,599,88,46.354660,17.682351,23.877954,-23.43
383,637,92,46.288621,18.390681,25.037088,-27.84
384,22,39,47.275246,6.907676,31.363073,30.26
385,61,39,47.280056,7.635869,33.898182,30.43
386,100,39,47.280056,8.364130,33.908607,26.55
387,139,39,47.275246,9.092323,31.911861,24.87
388,178,39,47.265626,9.820308,30.127922,21.62
389,217,40,47.251201,10.547949,28.715763,15.73
390,256,41,47.231974,11.275108,28.846558,11.54
391,295,42,47.207951,12.001647,28.134792,6.35
392,334,44,47.179138,12.727432,27.497381,3.12
393,372,46,47.145545,13.452326,26.329935,-0.31
394,411,48,47.107182,14.176196,25.285410,-1.94
395,450,50,47.064059,14.898907,24.728369,-2.99
396,489,53,47.016189,15.620330,25.026131,-7.93
397,527,56,46.963586,16.340332,24.260342,-10.34
398,566,59,46.906266,17.058785,24.881714,-16.23
399,604,62,46.844245,17.775563,25.373142,-21.74
400,642,65,46.777541,18.490539,26.287077,-26.41
401,21,12,47.769345,6.896937,27.621578,25.53
402,61,12,47.774205,7.632288,32.888222,27.80
403,100,12,47.774205,8.367711,35.463642,28.67
404,139,12,47.769345,9.103062,33.469269,24.34
405,179,13,47.759628,9.838200,32.132084,21.39
406,218,14,47.745056,10.572983,31.511854,17.05
407,258,15,47.725632,11.307269,30.537983,14.77
408,297,16,47.701364,12.040918,29.868582,9.75
409,336,18,47.672259,12.773790,30.204105,3.43
410,375,19,47.638324,13.505744,28.499025,2.58
411,414,21,47.599571,14.236644,25.985910,-0.72
412,454,24,47.556010,14.966352,26.710617,-3.03
413,493,26,47.507655,15.694733,26.785570,-7.08
414,531,29,47.454520,16.421652,26.154713,-10.34
415,570,32,47.396620,17.146976,27.047649,-16.12
416,609,36,47.333973,17.870576,27.566362,-20.21
417,497,0,47.999249,15.770598,27.554621,-5.84
418,536,3,47.945575,16.504566,27.557384,-9.48
419,575,6,47.887088,17.236892,28.550934,-14.87
420,614,9,47.823807,17.967443,29.131577,-18.12
