vector_id,pixel_x,pixel_y,latitude,longitude,magnitude,alpha_deg
0,73,2326,44.521181,11.108828,39.772373,68.71
1,303,2333,44.510383,11.453787,37.462963,67.54
2,82,2161,44.767229,11.123243,39.931431,68.93
3,314,2169,44.756377,11.469798,38.521328,68.19
4,546,2177,44.744385,11.816203,35.281548,69.03
5,777,2185,44.731254,12.162444,32.945454,67.59
6,1009,2195,44.716986,12.508507,34.510078,67.81
7,1240,2205,44.701581,12.854377,33.217731,68.65
8,1471,2216,44.685040,13.200039,32.858658,67.61
9,1702,2228,44.667364,13.545479,31.409857,64.28
10,1933,2241,44.648555,13.890682,31.682362,61.40
11,2164,2254,44.628614,14.235633,31.956135,57.76
12,2395,2268,44.607542,14.580319,33.061981,54.31
13,2625,2283,44.585341,14.924725,32.395813,51.21
14,92,1997,45.013367,11.137794,39.513245,67.96
15,325,2004,45.002461,11.485958,38.349335,67.12
16,558,2012,44.990408,11.833971,36.572674,69.09
17,790,2021,44.977212,12.181818,33.139099,68.28
18,1023,2030,44.962872,12.529484,33.792809,68.76
19,1255,2041,44.947389,12.876954,33.863819,68.81
20,1488,2052,44.930765,13.224214,33.580231,68.03
21,1720,2064,44.913001,13.571248,31.533073,64.56
22,1952,2076,44.894098,13.918042,32.780930,61.68
23,2183,2090,44.874057,14.264581,32.983723,57.66
24,2415,2104,44.852880,14.610851,32.893986,53.96
25,2646,2119,44.830567,14.956837,30.064053,53.56
26,102,1832,45.259591,11.152480,39.544842,67.95
27,336,1839,45.248630,11.502269,37.737972,66.94
28,570,1847,45.236517,11.851905,36.570641,68.01
29,803,1856,45.223254,12.201373,33.714661,67.93
30,1037,1866,45.208842,12.550657,32.638634,69.18
31,1271,1876,45.193282,12.899742,33.802067,69.08
32,1504,1888,45.176574,13.248614,33.816860,67.96
33,1737,1899,45.158721,13.597258,32.236580,63.94
34,1970,1912,45.139723,13.945657,32.732719,60.91
35,2203,1926,45.119581,14.293799,33.391273,57.45
36,2436,1940,45.098298,14.641667,33.270390,53.88
37,2668,1955,45.075874,14.989247,30.627136,54.62
38,112,1667,45.505897,11.167304,39.276176,68.33
39,347,1675,45.494880,11.518734,37.026356,68.26
40,582,1683,45.482707,11.870008,36.059662,67.87
41,817,1692,45.469377,12.221111,33.966846,67.79
42,1051,1701,45.454893,12.572028,32.259155,67.82
43,1286,1712,45.439254,12.922744,34.110344,69.89
44,1520,1723,45.422463,13.273243,33.157589,69.17
45,1755,1735,45.404520,13.623511,32.594364,65.11
46,1989,1748,45.385426,13.973531,33.223862,60.92
47,2223,1761,45.365184,14.323289,33.961849,56.82
48,2456,1776,45.343794,14.672771,31.036175,54.53
49,122,1502,45.752281,11.182268,38.792366,69.23
50,358,1510,45.741208,11.535353,37.619698,69.14
51,594,1518,45.728973,11.888281,35.970078,69.45
52,830,1527,45.715577,12.241036,34.397652,69.57
53,1066,1537,45.701019,12.593601,32.184803,66.74
54,1301,1547,45.685302,12.945963,35.330330,69.88
55,1537,1559,45.668426,13.298104,33.063641,69.85
56,1772,1571,45.650393,13.650011,32.258038,64.38
57,2008,1583,45.631204,14.001667,32.225529,60.58
58,2243,1597,45.610859,14.353057,30.884308,57.91
59,2477,1611,45.589362,14.704167,30.185509,56.69
60,132,1338,45.998737,11.197374,39.823841,70.84
61,369,1345,45.987609,11.552131,37.837814,71.30
62,606,1353,45.975313,11.906728,36.382259,71.58
63,843,1362,45.961848,12.261149,35.139675,69.76
64,1080,1372,45.947218,12.615378,33.714684,67.81
65,1317,1383,45.931421,12.969401,35.869274,68.63
66,1554,1394,45.914461,13.323200,34.664604,71.08
67,1790,1406,45.896337,13.676761,32.253765,64.29
68,2027,1419,45.877051,14.030068,31.472059,60.57
69,2263,1433,45.856604,14.383106,30.570515,58.77
70,2499,1447,45.834999,14.735858,30.280634,57.38
71,142,1173,46.245263,11.212625,39.964920,70.81
72,381,1180,46.234079,11.569068,38.496197,71.83
73,619,1189,46.221720,11.925350,36.607693,73.94
74,857,1198,46.208188,12.281453,33.613331,71.24
75,1095,1207,46.193484,12.637363,34.818073,66.50
76,1333,1218,46.177608,12.993062,34.469147,66.24
77,1571,1229,46.160561,13.348535,38.297165,69.25
78,1808,1242,46.142346,13.703766,31.837013,66.34
79,2046,1255,46.122963,14.058739,31.176023,61.16
80,2283,1268,46.102414,14.413439,31.915962,58.31
81,2520,1283,46.080699,14.767850,31.063833,57.56
82,153,1008,46.491854,11.228021,39.986645,71.85
83,392,1015,46.480614,11.586168,38.942928,73.36
84,631,1024,46.468192,11.944151,37.756798,73.60
85,871,1033,46.454592,12.301952,32.078594,71.56
86,1110,1043,46.439813,12.659557,33.957329,68.29
87,1349,1053,46.423857,13.016949,35.599068,65.28
88,1588,1065,46.406725,13.374111,36.958641,65.88
89,1827,1077,46.388418,13.731028,32.929649,65.75
90,2065,1090,46.368937,14.087683,31.231792,60.49
91,2303,1104,46.348284,14.444062,31.625462,57.93
92,2542,1118,46.326460,14.800147,30.592516,56.57
93,163,843,46.738506,11.243565,41.200291,72.50
94,404,850,46.727208,11.603432,39.526714,72.48
95,644,859,46.714724,11.963132,37.638447,75.10
96,885,868,46.701055,12.322648,33.648624,71.61
97,1125,878,46.686201,12.681965,34.530613,70.07
98,1365,889,46.670165,13.041065,35.439388,66.97
99,1605,900,46.652946,13.399932,33.108208,68.66
100,1845,912,46.634546,13.758551,34.588280,64.89
101,2085,926,46.614967,14.116905,30.610294,62.62
102,2324,939,46.594210,14.474977,30.112501,63.09
103,2563,954,46.572277,14.832752,31.595240,59.17
104,173,678,46.985214,11.259260,39.916813,73.65
105,415,685,46.973859,11.620863,40.013916,73.31
106,657,694,46.961312,11.982297,39.393406,73.36
107,899,703,46.947573,12.343544,34.221485,72.37
108,1140,713,46.932645,12.704589,34.789612,72.19
109,1381,724,46.916527,13.065414,36.358227,69.64
110,1623,735,46.899221,13.426003,35.362949,69.38
111,1864,748,46.880728,13.786340,33.497257,67.46
112,2104,761,46.861050,14.146408,31.135870,62.28
113,2345,775,46.840188,14.506190,31.579731,61.16
114,2585,790,46.818144,14.865671,30.613258,59.47
115,184,513,47.231974,11.275108,42.417591,74.85
116,427,520,47.220561,11.638463,39.211884,77.99
117,670,529,47.207951,12.001647,35.059265,72.04
118,913,538,47.194142,12.364642,30.597540,68.54
119,1155,548,47.179138,12.727432,29.929548,68.87
120,1398,559,47.162939,13.089999,32.338676,67.72
121,1640,571,47.145545,13.452326,32.176765,67.35
122,1882,583,47.126959,13.814397,32.206097,66.88
123,2124,596,47.107182,14.176196,28.172693,65.11
124,2366,610,47.086214,14.537705,25.906696,60.67
125,2608,625,47.064059,14.898907,25.375605,58.76
126,195,348,47.478782,11.291110,42.906918,75.70
127,439,355,47.467311,11.656236,42.258839,76.67
128,683,364,47.454636,12.021187,38.267086,76.67
129,927,373,47.440758,12.385947,34.501839,73.75
130,1171,383,47.425678,12.750498,32.881325,69.06
131,1414,394,47.409396,13.114823,32.298370,70.97
132,1658,406,47.391914,13.478905,34.385708,69.87
133,1901,418,47.373234,13.842728,32.842968,69.12
134,2144,432,47.353357,14.206273,26.417721,63.80
135,2387,446,47.332283,14.569525,24.915054,57.71
136,2630,461,47.310015,14.932466,26.765062,60.29
137,206,183,47.725632,11.307269,43.302521,76.24
138,451,190,47.714104,11.674182,43.066238,76.11
139,696,199,47.701364,12.040918,37.294098,76.55
140,941,208,47.687416,12.407460,35.002125,74.67
141,1186,218,47.672259,12.773790,33.103519,71.80
142,1431,229,47.655895,13.139890,32.547779,70.12
143,1676,241,47.638324,13.505744,32.388042,71.62
144,1920,254,47.619549,13.871335,32.949932,68.39
145,2165,267,47.599571,14.236644,29.027876,67.41
146,2409,281,47.578391,14.601656,26.749121,66.01
147,2653,296,47.556010,14.966352,25.727991,60.34
148,216,18,47.972522,11.323588,43.983643,76.80
149,463,25,47.960935,11.692305,43.496273,76.05
150,709,34,47.948131,12.060844,38.652554,76.71
151,956,43,47.934111,12.429185,35.604584,76.33
152,1202,53,47.918877,12.797311,33.197941,74.43
153,1448,64,47.902430,13.165204,32.666050,74.13
154,1694,76,47.884770,13.532847,32.046375,72.62
155,1940,89,47.865900,13.900223,31.074482,72.39
156,2185,102,47.845820,14.267314,30.629086,68.39
157,2430,117,47.824533,14.634102,27.947033,66.39
