vector_id,pixel_x,pixel_y,latitude,longitude,magnitude,alpha_deg
0,0,992,36.504607,6.500736,9.015937,-59.23
1,52,991,36.512337,7.100364,9.642214,-55.20
2,104,991,36.516202,7.700108,11.434957,-59.58
3,155,991,36.516202,8.299891,12.209920,-63.00
4,207,991,36.512337,8.899635,11.032576,-63.47
5,259,992,36.504607,9.499263,10.806884,-58.20
6,51,949,36.994759,7.093092,10.117846,-52.69
7,103,949,36.998662,7.697684,9.261520,-58.75
8,156,949,36.998662,8.302315,9.499894,-63.02
9,208,949,36.994759,8.906907,9.835966,-55.89
10,260,950,36.986953,9.511380,10.343583,-55.87
11,312,951,36.975246,10.115655,7.413579,-64.19
12,364,952,36.959642,10.719655,9.349813,-68.00
13,416,954,36.940143,11.323300,8.195684,-48.72
14,468,956,36.916755,11.926512,7.058683,-31.84
15,520,958,36.889483,12.529213,5.837850,-15.47
16,572,961,36.858333,13.131326,5.002629,42.64
17,624,964,36.823313,13.732773,7.068275,37.25
18,676,967,36.784431,14.333479,7.944387,63.18
19,728,971,36.741697,14.933367,8.880749,74.01
20,780,975,36.695120,15.532361,8.714005,73.51
21,831,980,36.644711,16.130388,9.214326,72.65
22,883,984,36.590482,16.727372,5.907520,48.88
23,934,989,36.532447,17.323242,4.919940,28.50
24,51,908,37.478018,7.085702,9.184942,-61.04
25,103,907,37.481960,7.695220,8.596263,-63.03
26,156,907,37.481960,8.304779,8.771755,-66.37
27,208,908,37.478018,8.914297,8.439493,-53.59
28,261,908,37.470135,9.523694,6.928780,-45.95
29,314,909,37.458313,10.132888,7.086487,-63.89
30,366,911,37.442554,10.741800,8.810194,-71.35
31,419,912,37.422863,11.350348,7.161527,-70.72
32,471,914,37.399244,11.958453,3.628165,-66.50
33,524,917,37.371703,12.566034,1.540175,127.52
34,576,919,37.340247,13.173013,2.701972,46.56
35,628,923,37.304882,13.779310,7.273290,85.41
36,681,926,37.265618,14.384847,6.080383,79.80
37,733,930,37.222464,14.989545,7.921837,74.29
38,785,934,37.175430,15.593329,10.325138,73.30
39,837,938,37.124526,16.196122,8.813245,67.65
40,889,943,37.069766,16.797847,6.901418,55.45
41,941,948,37.011162,17.398431,5.149065,28.07
42,992,953,36.948729,17.997799,4.394922,21.90
43,50,866,37.962086,7.078190,8.679302,-65.31
44,103,865,37.966067,7.692716,7.685796,-68.39
45,156,865,37.966067,8.307283,8.067841,-66.20
46,209,866,37.962087,8.921809,7.189901,-58.45
47,262,866,37.954126,9.536210,6.130181,-55.00
48,315,868,37.942187,10.150404,5.268772,-66.14
49,368,869,37.926273,10.764308,7.541208,-82.00
50,421,871,37.906387,11.377840,5.678583,-93.80
51,474,873,37.882536,11.990917,2.736551,-68.38
52,527,875,37.854723,12.603458,2.337485,0.48
53,580,878,37.822957,13.215381,3.652593,52.97
54,632,881,37.787244,13.826606,5.109378,92.53
55,685,884,37.747593,14.437052,6.371051,90.18
56,738,888,37.704015,15.046639,6.855038,74.52
57,790,892,37.656518,15.655289,8.858004,74.79
58,843,897,37.605115,16.262924,6.952610,61.18
59,895,901,37.549818,16.869465,6.679951,38.29
60,947,906,37.490640,17.474836,5.961113,28.70
61,999,912,37.427595,18.078962,4.050293,26.91
62,49,824,38.446939,7.070554,7.834923,-66.76
63,103,824,38.450959,7.690170,7.542285,-72.38
64,156,824,38.450959,8.309829,6.447473,-68.74
65,210,824,38.446939,8.929445,6.084126,-55.80
66,263,825,38.438899,9.548934,5.419050,-54.87
67,317,826,38.426842,10.168210,4.100696,-72.79
68,370,827,38.410771,10.787189,5.236189,-98.20
69,423,829,38.390689,11.405787,4.450215,-97.69
70,477,831,38.366602,12.023918,2.460527,-84.07
71,530,833,38.338515,12.641500,1.334872,-147.87
72,583,836,38.306435,13.258449,1.716533,65.69
73,637,839,38.270370,13.874681,2.367748,132.84
74,690,843,38.230329,14.490116,3.270284,74.56
75,743,846,38.186321,15.104671,7.096698,85.96
76,796,851,38.138358,15.718265,6.467632,78.07
77,848,855,38.086450,16.330818,5.924518,56.19
78,901,860,38.030610,16.942252,5.302253,45.22
79,954,865,37.970852,17.552486,6.234770,42.67
80,1006,871,37.907190,18.161445,4.120992,26.74
81,49,782,38.932547,7.062790,7.382674,-69.63
82,102,782,38.936607,7.687582,6.382916,-67.86
83,156,782,38.936607,8.312417,6.226778,-64.79
84,210,782,38.932547,8.937209,5.660398,-57.73
85,264,783,38.924428,9.561870,4.058295,-66.19
86,318,784,38.912252,10.186313,2.857412,-64.87
87,372,785,38.896022,10.810452,3.536977,-74.15
88,426,787,38.875741,11.434199,2.827223,-101.59
89,480,789,38.851416,12.057469,2.727320,-91.28
90,533,791,38.823051,12.680175,1.203366,-90.95
91,587,794,38.790655,13.302232,2.661622,92.49
92,641,797,38.754234,13.923555,4.273693,11.56
93,694,801,38.713798,14.544060,4.823149,43.92
94,748,805,38.669357,15.163663,8.223463,83.64
95,801,809,38.620921,15.782282,6.556734,79.94
96,854,813,38.568503,16.399834,3.741815,49.16
97,908,818,38.512115,17.016237,3.926578,32.54
98,961,824,38.451770,17.631413,5.350233,40.35
99,1014,829,38.387484,18.245281,2.765430,44.25
100,48,740,39.418884,7.054895,7.778883,-66.14
101,102,740,39.422985,7.684950,6.034194,-67.63
102,157,740,39.422985,8.315049,4.288439,-73.94
103,211,740,39.418884,8.945104,4.889079,-60.89
104,265,741,39.410685,9.575024,3.171693,-60.05
105,320,742,39.398388,10.204721,2.849005,-43.61
106,374,743,39.381997,10.834106,2.507668,-53.61
107,428,745,39.361516,11.463089,0.944498,-44.02
108,483,747,39.336950,12.091583,0.440202,10.99
109,537,750,39.308305,12.719499,0.706575,156.90
110,591,752,39.275588,13.346749,1.702416,11.95
111,645,756,39.238808,13.973247,1.916234,100.08
112,699,759,39.197973,14.598906,4.783175,89.75
113,753,763,39.153093,15.223640,6.722167,92.86
114,807,767,39.104181,15.847365,6.235046,82.99
115,861,772,39.051246,16.469997,3.207720,68.82
116,914,777,38.994304,17.091452,3.239213,40.20
117,968,782,38.933366,17.711647,2.697493,24.90
118,1021,788,38.868450,18.330503,2.052805,-61.49
119,47,698,39.905922,7.046866,8.195724,-68.36
120,102,698,39.910063,7.682273,6.586068,-62.01
121,157,698,39.910063,8.317726,4.864979,-64.73
122,212,698,39.905922,8.953133,4.920319,-60.73
123,267,699,39.897641,9.588402,5.269234,-65.00
124,321,700,39.885223,10.223442,3.407984,-41.41
125,376,701,39.868669,10.858161,3.290683,-20.05
126,431,703,39.847985,11.492469,2.422182,12.50
127,486,705,39.823176,12.126275,2.195869,40.12
128,540,708,39.794247,12.759488,1.981127,57.55
129,595,711,39.761207,13.392019,1.234560,78.76
130,649,714,39.724063,14.023777,2.263291,81.80
131,704,717,39.682824,14.654676,4.733469,81.92
132,758,721,39.637502,15.284627,6.406521,76.57
133,812,725,39.588107,15.913542,5.099358,72.72
134,867,730,39.534651,16.541337,4.342746,61.23
135,921,735,39.477148,17.167925,4.646784,35.07
136,975,740,39.415612,17.793222,3.249450,14.50
137,1029,746,39.350057,18.417146,3.098518,11.56
138,46,656,40.393632,7.038700,8.909909,-61.67
139,102,656,40.397814,7.679551,6.475393,-55.95
140,157,656,40.397814,8.320448,6.366314,-43.58
141,212,656,40.393632,8.961299,4.330741,-55.60
142,268,657,40.385269,9.602008,4.349278,-60.86
143,323,658,40.372727,10.242483,4.425786,-58.33
144,378,659,40.356009,10.882628,3.497885,-28.41
145,433,661,40.335120,11.522352,2.759196,27.53
146,489,663,40.310065,12.161560,3.642690,41.02
147,544,666,40.280850,12.800160,3.692631,68.78
148,599,669,40.247482,13.438060,3.273951,74.33
149,654,672,40.209970,14.075169,3.486655,71.30
150,709,675,40.168324,14.711395,5.027602,79.55
151,764,679,40.122554,15.346649,5.568550,80.44
152,818,684,40.072671,15.980841,5.222646,67.22
153,873,688,40.018688,16.613884,4.892889,44.53
154,927,693,39.960618,17.245689,3.502660,47.54
155,982,699,39.898477,17.876171,3.028482,23.57
156,46,614,40.881986,7.030393,8.145660,-62.93
157,102,613,40.886209,7.676781,6.662495,-56.05
158,157,613,40.886209,8.323218,6.139543,-38.10
159,213,614,40.881986,8.969606,5.657957,-44.88
160,269,615,40.873539,9.615850,3.969686,-49.92
161,325,616,40.860873,10.261853,5.521476,-52.28
162,380,617,40.843989,10.907518,3.696350,-25.46
163,436,619,40.822892,11.552749,2.928748,9.89
164,492,621,40.797588,12.197453,4.463230,61.28
165,547,624,40.768083,12.841532,4.466122,73.32
166,603,627,40.734384,13.484893,5.061009,86.34
167,658,630,40.696501,14.127442,5.241326,83.92
168,714,633,40.654442,14.769086,4.753585,79.61
169,769,637,40.608219,15.409732,4.917708,54.86
170,824,642,40.557843,16.049290,6.380190,44.77
171,879,646,40.503328,16.687668,6.734743,38.51
172,934,652,40.444685,17.324777,5.467753,24.68
173,989,657,40.381932,17.960528,4.180945,42.62
174,45,572,41.370953,7.021940,8.102790,-64.39
175,101,571,41.375219,7.673963,6.506806,-63.14
176,158,571,41.375219,8.326036,6.180377,-42.49
177,214,572,41.370953,8.978059,5.738344,-40.88
178,270,572,41.362423,9.629933,4.167782,-44.87
179,326,573,41.349630,10.281560,4.706586,-43.89
180,383,575,41.332578,10.932840,2.160724,-32.14
181,439,577,41.311272,11.583676,1.069331,48.64
182,495,579,41.285716,12.233969,4.001627,88.33
183,551,582,41.255918,12.883622,6.131414,94.42
184,607,584,41.221885,13.532538,5.949892,84.24
185,663,588,41.183626,14.180621,4.702528,75.74
186,719,591,41.141150,14.827775,3.544780,57.87
187,775,595,41.094469,15.473905,5.049160,42.98
188,830,600,41.043595,16.118918,4.586644,34.29
189,886,605,40.988540,16.762721,6.146567,26.75
190,941,610,40.929319,17.405222,4.406998,28.16
191,997,615,40.865946,18.046331,2.327374,39.78
192,44,529,41.860505,7.013339,7.920887,-60.74
193,101,529,41.864814,7.671096,6.441899,-59.08
194,158,529,41.864814,8.328903,6.248425,-51.55
195,215,529,41.860505,8.986660,5.234034,-44.69
196,271,530,41.851890,9.644264,3.912390,-64.14
197,328,531,41.838970,10.301613,2.554224,-48.08
198,385,533,41.821748,10.958608,1.380673,116.80
199,441,535,41.800229,11.615145,3.274229,126.02
200,498,537,41.774419,12.271126,5.511992,105.20
201,555,539,41.744325,12.926450,6.059595,89.67
202,611,542,41.709953,13.581017,6.768839,77.42
203,668,546,41.671314,14.234729,6.411447,67.17
204,724,549,41.628417,14.887487,3.620515,53.94
205,780,553,41.581273,15.539195,4.638160,49.12
206,836,558,41.529895,16.189756,4.267108,44.91
207,892,563,41.474295,16.839076,2.571744,52.38
208,948,568,41.414489,17.487060,3.095212,52.16
209,1004,573,41.350490,18.133615,1.902771,18.71
210,44,487,42.350612,7.004586,8.341620,-54.26
211,101,487,42.354963,7.668177,6.364186,-44.27
212,158,487,42.354963,8.331821,5.178093,-45.98
213,215,487,42.350612,8.995413,3.227792,-35.60
214,273,488,42.341910,9.658848,5.246424,-18.74
215,330,489,42.328861,10.322022,1.535933,23.85
216,387,490,42.311468,10.984832,3.211129,75.53
217,444,492,42.289734,11.647172,3.727571,82.92
218,501,495,42.263667,12.308940,5.293971,61.30
219,558,497,42.233272,12.970034,5.173126,72.49
220,615,500,42.198559,13.630351,5.578385,73.22
221,672,504,42.159535,14.289790,4.808952,60.17
222,729,507,42.116212,14.948250,4.902114,46.21
223,786,511,42.068600,15.605632,4.174759,78.15
224,843,516,42.016712,16.261837,2.330822,83.40
225,899,521,41.960561,16.916767,3.223105,67.62
226,955,526,41.900163,17.570326,2.293254,28.15
227,1012,531,41.835532,18.222419,2.744373,17.95
228,43,445,42.841242,6.995675,9.097796,-48.19
229,101,444,42.845637,7.665207,6.232145,-41.13
230,158,444,42.845637,8.334792,5.869797,-31.16
231,216,445,42.841242,9.004324,4.859879,-30.83
232,274,445,42.832453,9.673694,3.528456,6.96
233,332,447,42.819274,10.342797,2.726142,36.69
234,389,448,42.801707,11.011524,3.257523,62.28
235,447,450,42.779756,11.679771,5.443289,52.55
236,505,452,42.753429,12.347429,4.985395,62.40
237,562,455,42.722731,13.014395,4.643589,63.06
238,620,458,42.687671,13.680564,5.344589,46.08
239,677,461,42.648259,14.345830,4.699749,44.28
240,734,465,42.604504,15.010092,5.158063,78.89
241,792,469,42.556419,15.673246,3.098997,70.21
242,849,474,42.504015,16.335192,3.840859,56.30
243,906,479,42.447308,16.995829,3.769231,27.24
244,963,484,42.386311,17.655059,3.756158,28.65
245,1020,490,42.321041,18.312784,3.688424,17.58
246,42,402,43.332365,6.986604,7.887815,-38.64
247,100,402,43.336804,7.662183,8.994473,-27.81
248,159,402,43.336804,8.337816,6.709666,-12.20
249,217,402,43.332365,9.013395,4.458786,-23.86
250,275,403,43.323489,9.688808,3.550734,17.92
251,333,404,43.310177,10.363946,3.225359,44.26
252,392,406,43.292434,11.038698,3.855087,66.64
253,450,408,43.270264,11.712957,6.734823,78.79
254,508,410,43.243673,12.386611,5.237091,45.77
255,566,413,43.212669,13.059554,6.653800,50.24
256,624,416,43.177259,13.731678,4.585289,39.66
257,682,419,43.137453,14.402875,5.029991,51.28
258,740,423,43.093262,15.073041,3.964650,66.46
259,798,427,43.044698,15.742069,3.587786,54.36
260,855,432,42.991774,16.409856,5.040951,39.34
261,913,437,42.934503,17.076299,4.953133,25.38
262,970,442,42.872901,17.741297,4.709139,29.00
263,1027,448,42.806984,18.404750,4.803837,15.66
264,41,360,43.823949,6.977368,8.964876,-37.71
265,100,359,43.828433,7.659103,7.578622,-29.24
266,159,359,43.828433,8.340896,7.122000,-1.48
267,218,360,43.823949,9.022631,5.456540,3.25
268,277,361,43.814984,9.704197,4.055166,27.04
269,335,362,43.801539,10.385480,4.393920,57.86
270,394,363,43.783618,11.066367,4.141702,64.62
271,453,365,43.761226,11.746746,5.079193,58.53
272,512,368,43.734369,12.426505,5.038244,48.52
273,570,370,43.703054,13.105533,4.773860,46.33
274,629,373,43.667290,13.783719,4.903046,55.32
275,687,377,43.627087,14.460953,4.670619,46.51
276,745,381,43.582455,15.137127,4.307590,21.45
277,804,385,43.533406,15.812133,5.933801,17.23
278,862,390,43.479955,16.485864,7.018772,19.91
279,920,395,43.422114,17.158215,6.143613,20.63
280,978,400,43.359900,17.829081,5.387411,13.93
281,1036,406,43.293329,18.498361,4.866078,17.02
282,40,317,44.315964,6.967961,7.203397,-20.13
283,100,317,44.320492,7.655967,6.504047,-16.30
284,159,317,44.320492,8.344032,4.786384,-3.62
285,219,317,44.315964,9.032038,5.855350,29.87
286,278,318,44.306908,9.719869,5.724025,44.18
287,337,319,44.293328,10.407410,4.699953,51.28
288,397,321,44.275227,11.094544,5.392411,58.34
289,456,323,44.252610,11.781156,5.284551,61.24
290,515,325,44.225484,12.467130,6.614594,62.68
291,574,328,44.193855,13.152353,5.340855,37.18
292,633,331,44.157733,13.836711,5.250756,41.59
293,692,335,44.117127,14.520091,5.209068,31.94
294,751,338,44.072049,15.202381,6.056286,16.13
295,810,343,44.022511,15.883472,6.695652,12.20
296,869,347,43.968525,16.563252,7.246192,17.04
297,927,352,43.910108,17.241614,6.131232,13.24
298,986,358,43.847275,17.918452,5.688617,18.11
299,40,275,44.808376,6.958380,5.944468,-15.72
300,99,275,44.812950,7.652773,4.983402,6.16
301,159,275,44.812950,8.347226,5.376906,6.86
302,219,275,44.808376,9.041619,6.819612,29.17
303,279,276,44.799229,9.735832,7.046102,37.94
304,339,277,44.785512,10.429747,6.440462,48.97
305,399,278,44.767229,11.123243,7.643702,53.78
306,459,280,44.744385,11.816203,7.980464,50.36
307,519,283,44.716986,12.508507,7.899091,46.81
308,578,286,44.685040,13.200039,7.802248,36.52
309,638,289,44.648555,13.890682,7.695127,28.28
310,697,292,44.607542,14.580319,7.177695,15.15
311,757,296,44.562012,15.268837,7.298380,9.98
312,816,300,44.511978,15.956120,8.220778,3.81
313,875,305,44.457454,16.642058,7.509089,14.47
314,934,310,44.398453,17.326539,6.322240,24.87
315,993,316,44.334994,18.009453,4.821392,29.72
316,39,232,45.301153,6.948619,5.370190,21.92
317,99,232,45.305773,7.649519,4.665232,16.41
318,160,232,45.305773,8.350480,6.716502,28.30
319,220,232,45.301153,9.051380,7.852535,25.65
320,281,233,45.291914,9.752095,7.665164,35.29
321,341,234,45.278059,10.452502,8.229251,34.90
322,402,236,45.259591,11.152480,7.369953,36.10
323,462,238,45.236517,11.851905,9.808695,40.59
324,522,240,45.208842,12.550657,9.904813,36.16
325,582,243,45.176574,13.248614,9.762916,34.15
326,643,246,45.139723,13.945657,8.391851,26.81
327,703,250,45.098298,14.641667,7.353978,12.20
328,763,254,45.052311,15.336525,7.079236,10.11
329,823,258,45.001776,16.030115,6.041569,23.75
330,882,263,44.946705,16.722322,6.203514,43.47
331,942,268,44.887115,17.413031,5.005876,50.46
332,1001,274,44.823022,18.102129,3.841934,59.91
333,38,190,45.794262,6.938674,6.105474,22.18
334,99,189,45.798929,7.646203,4.980179,15.86
335,160,189,45.798929,8.353796,7.181950,30.50
336,221,190,45.794262,9.061325,8.664684,35.22
337,282,191,45.784930,9.768664,9.858260,31.48
338,343,192,45.770934,10.475687,10.289225,30.71
339,404,193,45.752281,11.182268,10.710038,30.04
340,465,195,45.728973,11.888281,9.876197,29.61
341,526,198,45.701019,12.593601,11.436815,33.92
342,587,201,45.668426,13.298104,10.104481,28.74
343,647,204,45.631204,14.001667,9.458266,17.96
344,708,208,45.589362,14.704167,7.064893,24.38
345,769,212,45.542913,15.405482,5.790745,36.08
346,829,216,45.491870,16.105494,6.246238,42.04
347,889,221,45.436247,16.804084,5.750139,61.45
348,949,226,45.376060,17.501133,4.924222,75.73
349,1010,232,45.311326,18.196527,4.136958,77.08
350,37,147,46.287670,6.928539,8.246506,10.02
351,99,147,46.292384,7.642824,8.796105,4.88
352,160,147,46.292384,8.357175,6.532300,27.57
353,222,147,46.287670,9.071460,6.378030,48.15
354,284,148,46.278243,9.785550,7.005636,43.06
355,345,149,46.264106,10.499315,12.095398,27.69
356,407,151,46.245263,11.212625,10.283415,27.18
357,468,153,46.221720,11.925350,11.609666,30.29
358,530,155,46.193484,12.637363,10.719854,28.17
359,591,158,46.160561,13.348535,10.386525,20.36
360,652,161,46.122963,14.058739,9.039259,16.47
361,714,165,46.080699,14.767850,7.496962,33.81
362,775,169,46.033783,15.475744,6.520445,37.48
363,836,174,45.982226,16.182296,6.668183,51.56
364,897,178,45.926044,16.887385,6.664106,84.99
365,957,184,45.865253,17.590891,5.707578,88.28
366,1018,189,45.799870,18.292694,3.150337,78.57
367,36,105,46.781342,6.918208,15.070424,1.05
368,98,104,46.786104,7.639380,15.375124,7.01
369,161,104,46.786104,8.360619,15.230777,22.13
370,223,105,46.781342,9.081791,9.486890,15.67
371,285,105,46.771820,9.802762,9.586575,45.82
372,347,107,46.757540,10.523398,9.272226,46.88
373,409,108,46.738506,11.243565,8.135984,40.93
374,472,110,46.714724,11.963132,8.120884,38.07
375,534,113,46.686201,12.681965,12.186816,29.29
376,596,116,46.652946,13.399932,11.245325,23.67
377,657,119,46.614967,14.116905,9.745028,22.38
378,719,123,46.572277,14.832752,8.962211,41.80
379,781,127,46.524886,15.547347,7.081300,37.39
380,842,131,46.472810,16.260561,8.446349,70.42
381,904,136,46.416062,16.972271,7.034101,84.68
382,965,141,46.354660,17.682351,4.988334,88.35
383,1026,147,46.288621,18.390681,2.517257,71.74
384,35,62,47.275246,6.907676,15.767376,0.34
385,98,62,47.280056,7.635869,15.632175,-0.87
386,161,62,47.280056,8.364130,17.840139,14.98
387,224,62,47.275246,9.092323,14.325192,28.05
388,287,63,47.265626,9.820308,10.798030,45.58
389,349,64,47.251201,10.547949,10.191988,45.26
390,412,66,47.231974,11.275108,10.261344,32.64
391,475,68,47.207951,12.001647,9.961957,21.47
392,537,70,47.179138,12.727432,8.585170,-10.23
393,600,73,47.145545,13.452326,7.933745,17.37
394,663,77,47.107182,14.176196,9.854652,26.15
395,725,80,47.064059,14.898907,9.855232,36.84
396,787,84,47.016189,15.620330,9.473303,59.62
397,849,89,46.963586,16.340332,9.691344,76.88
398,911,94,46.906266,17.058785,7.630564,81.16
399,973,99,46.844245,17.775563,4.475473,87.62
400,1035,105,46.777541,18.490539,2.203012,57.85
401,34,19,47.769345,6.896937,17.830879,-1.73
402,98,19,47.774205,7.632288,18.057745,3.98
403,161,19,47.774205,8.367711,18.053501,11.58
404,225,19,47.769345,9.103062,15.946530,7.92
405,288,20,47.759628,9.838200,18.459227,29.48
406,352,21,47.745056,10.572983,14.783670,38.82
407,415,23,47.725632,11.307269,12.122197,25.63
408,478,25,47.701364,12.040918,10.732445,23.62
409,541,28,47.672259,12.773790,8.648108,22.14
410,605,31,47.638324,13.505744,5.916865,13.09
411,668,34,47.599571,14.236644,7.638977,14.55
412,731,38,47.556010,14.966352,8.808442,43.85
413,794,42,47.507655,15.694733,11.995557,64.45
414,856,47,47.454520,16.421652,9.097489,72.51
415,919,52,47.396620,17.146976,7.448621,78.26
416,981,57,47.333973,17.870576,4.925140,79.82
417,800,0,47.999249,15.770598,10.139800,72.58
418,863,4,47.945575,16.504566,10.352023,71.83
419,927,9,47.887088,17.236892,8.304412,73.65
420,990,15,47.823807,17.967443,4.905635,60.45
