vector_id,pixel_x,pixel_y,latitude,longitude,magnitude,alpha_deg
0,0,992,36.504607,6.500736,23.237148,-6.48
1,52,991,36.512337,7.100364,21.218843,-2.21
2,104,991,36.516202,7.700108,16.919039,7.32
3,155,991,36.516202,8.299891,17.808720,7.41
4,207,991,36.512337,8.899635,20.273844,14.84
5,259,992,36.504607,9.499263,18.837595,18.62
6,51,949,36.994759,7.093092,23.046171,7.30
7,103,949,36.998662,7.697684,22.407236,7.10
8,156,949,36.998662,8.302315,19.430801,11.75
9,208,949,36.994759,8.906907,17.731800,19.23
10,260,950,36.986953,9.511380,18.585550,23.17
11,312,951,36.975246,10.115655,17.932293,28.40
12,364,952,36.959642,10.719655,19.867680,26.29
13,416,954,36.940143,11.323300,22.300177,29.78
14,468,956,36.916755,11.926512,20.712208,27.34
15,520,958,36.889483,12.529213,18.094225,33.73
16,572,961,36.858333,13.131326,20.202759,36.47
17,624,964,36.823313,13.732773,18.432518,33.74
18,676,967,36.784431,14.333479,17.143444,35.82
19,728,971,36.741697,14.933367,16.496557,35.27
20,780,975,36.695120,15.532361,12.677732,31.54
21,831,980,36.644711,16.130388,10.512332,33.76
22,883,984,36.590482,16.727372,9.098412,28.93
23,934,989,36.532447,17.323242,9.527849,38.29
24,51,908,37.478018,7.085702,27.643974,7.87
25,103,907,37.481960,7.695220,26.309418,10.82
26,156,907,37.481960,8.304779,24.031723,13.87
27,208,908,37.478018,8.914297,20.706078,22.99
28,261,908,37.470135,9.523694,19.946209,21.95
29,314,909,37.458313,10.132888,17.129122,29.68
30,366,911,37.442554,10.741800,16.612885,21.76
31,419,912,37.422863,11.350348,20.114145,28.37
32,471,914,37.399244,11.958453,21.526440,26.27
33,524,917,37.371703,12.566034,19.919792,39.69
34,576,919,37.340247,13.173013,18.456995,36.33
35,628,923,37.304882,13.779310,21.710682,42.21
36,681,926,37.265618,14.384847,21.163170,42.17
37,733,930,37.222464,14.989545,15.674126,30.59
38,785,934,37.175430,15.593329,14.415081,35.42
39,837,938,37.124526,16.196122,11.639132,30.39
40,889,943,37.069766,16.797847,10.993456,34.16
41,941,948,37.011162,17.398431,9.587042,39.70
42,992,953,36.948729,17.997799,9.666667,47.87
43,50,866,37.962086,7.078190,24.054901,12.50
44,103,865,37.966067,7.692716,27.839102,12.37
45,156,865,37.966067,8.307283,25.390047,18.01
46,209,866,37.962087,8.921809,22.193384,19.97
47,262,866,37.954126,9.536210,20.934462,25.57
48,315,868,37.942187,10.150404,20.267059,30.03
49,368,869,37.926273,10.764308,17.846592,29.42
50,421,871,37.906387,11.377840,17.345274,27.91
51,474,873,37.882536,11.990917,19.250784,26.51
52,527,875,37.854723,12.603458,20.364899,42.04
53,580,878,37.822957,13.215381,23.010868,43.82
54,632,881,37.787244,13.826606,23.105560,45.19
55,685,884,37.747593,14.437052,21.212605,48.23
56,738,888,37.704015,15.046639,21.089787,36.94
57,790,892,37.656518,15.655289,15.673599,40.17
58,843,897,37.605115,16.262924,13.592215,37.09
59,895,901,37.549818,16.869465,11.455966,43.25
60,947,906,37.490640,17.474836,10.292811,37.96
61,999,912,37.427595,18.078962,9.834928,49.14
62,49,824,38.446939,7.070554,23.651608,5.69
63,103,824,38.450959,7.690170,23.493399,8.80
64,156,824,38.450959,8.309829,23.684708,10.44
65,210,824,38.446939,8.929445,23.061205,22.18
66,263,825,38.438899,9.548934,21.470428,29.05
67,317,826,38.426842,10.168210,20.007755,29.62
68,370,827,38.410771,10.787189,19.992197,32.99
69,423,829,38.390689,11.405787,16.985113,32.20
70,477,831,38.366602,12.023918,18.673048,32.21
71,530,833,38.338515,12.641500,21.477217,41.98
72,583,836,38.306435,13.258449,22.002077,42.31
73,637,839,38.270370,13.874681,22.046833,40.18
74,690,843,38.230329,14.490116,20.094601,41.89
75,743,846,38.186321,15.104671,16.605999,26.73
76,796,851,38.138358,15.718265,15.317914,40.37
77,848,855,38.086450,16.330818,13.474168,36.97
78,901,860,38.030610,16.942252,12.158278,45.82
79,954,865,37.970852,17.552486,11.407586,44.47
80,1006,871,37.907190,18.161445,10.055915,51.17
81,49,782,38.932547,7.062790,20.380119,4.29
82,102,782,38.936607,7.687582,20.428986,5.47
83,156,782,38.936607,8.312417,20.543116,11.65
84,210,782,38.932547,8.937209,22.197077,17.77
85,264,783,38.924428,9.561870,22.423355,26.35
86,318,784,38.912252,10.186313,21.565399,30.32
87,372,785,38.896022,10.810452,20.667025,33.66
88,426,787,38.875741,11.434199,17.788635,41.91
89,480,789,38.851416,12.057469,19.074076,38.66
90,533,791,38.823051,12.680175,20.974176,40.00
91,587,794,38.790655,13.302232,22.051956,47.29
92,641,797,38.754234,13.923555,22.533026,44.89
93,694,801,38.713798,14.544060,20.378992,44.39
94,748,805,38.669357,15.163663,19.105120,39.62
95,801,809,38.620921,15.782282,15.201276,37.14
96,854,813,38.568503,16.399834,11.676342,35.08
97,908,818,38.512115,17.016237,12.801267,43.32
98,961,824,38.451770,17.631413,12.196695,43.45
99,1014,829,38.387484,18.245281,10.391498,48.92
100,48,740,39.418884,7.054895,20.293585,7.22
101,102,740,39.422985,7.684950,19.959101,8.30
102,157,740,39.422985,8.315049,19.453972,14.52
103,211,740,39.418884,8.945104,19.779455,18.28
104,265,741,39.410685,9.575024,22.413671,27.59
105,320,742,39.398388,10.204721,21.081238,32.20
106,374,743,39.381997,10.834106,20.136494,38.60
107,428,745,39.361516,11.463089,18.530220,44.24
108,483,747,39.336950,12.091583,19.458403,46.57
109,537,750,39.308305,12.719499,21.071976,44.77
110,591,752,39.275588,13.346749,22.621132,52.41
111,645,756,39.238808,13.973247,23.170223,46.31
112,699,759,39.197973,14.598906,21.197971,45.89
113,753,763,39.153093,15.223640,19.062681,43.35
114,807,767,39.104181,15.847365,17.755543,38.21
115,861,772,39.051246,16.469997,16.834518,36.58
116,914,777,38.994304,17.091452,12.888889,41.81
117,968,782,38.933366,17.711647,12.866188,47.45
118,1021,788,38.868450,18.330503,11.723893,53.30
119,47,698,39.905922,7.046866,19.225418,6.86
120,102,698,39.910063,7.682273,18.556395,9.83
121,157,698,39.910063,8.317726,18.767412,14.95
122,212,698,39.905922,8.953133,20.852663,20.29
123,267,699,39.897641,9.588402,21.143471,14.70
124,321,700,39.885223,10.223442,19.660192,39.30
125,376,701,39.868669,10.858161,20.191521,40.28
126,431,703,39.847985,11.492469,18.699228,44.82
127,486,705,39.823176,12.126275,19.364344,47.34
128,540,708,39.794247,12.759488,19.455418,47.33
129,595,711,39.761207,13.392019,21.900787,52.89
130,649,714,39.724063,14.023777,22.331814,47.28
131,704,717,39.682824,14.654676,20.931761,48.06
132,758,721,39.637502,15.284627,19.387630,45.10
133,812,725,39.588107,15.913542,20.492979,39.22
134,867,730,39.534651,16.541337,19.431442,32.23
135,921,735,39.477148,17.167925,14.165718,42.18
136,975,740,39.415612,17.793222,11.953859,41.75
137,1029,746,39.350057,18.417146,13.716298,51.78
138,46,656,40.393632,7.038700,18.721455,9.30
139,102,656,40.397814,7.679551,17.047806,11.74
140,157,656,40.397814,8.320448,15.851267,13.04
141,212,656,40.393632,8.961299,20.842903,18.96
142,268,657,40.385269,9.602008,18.665298,35.68
143,323,658,40.372727,10.242483,13.201826,20.42
144,378,659,40.356009,10.882628,18.657822,46.12
145,433,661,40.335120,11.522352,20.067707,48.92
146,489,663,40.310065,12.161560,19.305988,48.65
147,544,666,40.280850,12.800160,18.619076,50.27
148,599,669,40.247482,13.438060,20.254919,51.58
149,654,672,40.209970,14.075169,21.377480,51.61
150,709,675,40.168324,14.711395,21.321508,51.18
151,764,679,40.122554,15.346649,21.245441,48.91
152,818,684,40.072671,15.980841,23.834368,41.04
153,873,688,40.018688,16.613884,17.544397,40.63
154,927,693,39.960618,17.245689,15.312444,46.85
155,982,699,39.898477,17.876171,13.378972,42.11
156,46,614,40.881986,7.030393,16.256725,15.42
157,102,613,40.886209,7.676781,16.779419,22.57
158,157,613,40.886209,8.323218,18.765646,25.26
159,213,614,40.881986,8.969606,15.792342,25.14
160,269,615,40.873539,9.615850,18.721439,33.09
161,325,616,40.860873,10.261853,16.742907,36.81
162,380,617,40.843989,10.907518,18.174259,43.60
163,436,619,40.822892,11.552749,20.664064,55.01
164,492,621,40.797588,12.197453,19.437265,52.91
165,547,624,40.768083,12.841532,17.874828,53.07
166,603,627,40.734384,13.484893,18.235863,48.04
167,658,630,40.696501,14.127442,21.911715,49.62
168,714,633,40.654442,14.769086,22.458765,49.66
169,769,637,40.608219,15.409732,23.251757,46.16
170,824,642,40.557843,16.049290,22.651888,44.08
171,879,646,40.503328,16.687668,18.510393,45.40
172,934,652,40.444685,17.324777,17.356844,45.55
173,989,657,40.381932,17.960528,16.227594,42.96
174,45,572,41.370953,7.021940,13.253460,2.75
175,101,571,41.375219,7.673963,13.712313,18.10
176,158,571,41.375219,8.326036,19.326393,22.43
177,214,572,41.370953,8.978059,16.325571,26.67
178,270,572,41.362423,9.629933,16.890194,36.98
179,326,573,41.349630,10.281560,21.636587,37.95
180,383,575,41.332578,10.932840,20.715956,45.38
181,439,577,41.311272,11.583676,20.289934,53.29
182,495,579,41.285716,12.233969,18.944744,56.72
183,551,582,41.255918,12.883622,16.970661,52.60
184,607,584,41.221885,13.532538,19.477726,48.50
185,663,588,41.183626,14.180621,21.277498,49.66
186,719,591,41.141150,14.827775,25.112312,48.46
187,775,595,41.094469,15.473905,24.227728,48.90
188,830,600,41.043595,16.118918,22.896059,46.98
189,886,605,40.988540,16.762721,18.473202,50.05
190,941,610,40.929319,17.405222,15.512709,44.33
191,997,615,40.865946,18.046331,15.550941,52.15
192,44,529,41.860505,7.013339,18.629927,16.89
193,101,529,41.864814,7.671096,14.759059,11.01
194,158,529,41.864814,8.328903,15.570972,17.27
195,215,529,41.860505,8.986660,18.871624,28.39
196,271,530,41.851890,9.644264,17.716206,30.90
197,328,531,41.838970,10.301613,18.162586,36.08
198,385,533,41.821748,10.958608,18.806009,46.07
199,441,535,41.800229,11.615145,22.084272,58.57
200,498,537,41.774419,12.271126,18.456564,58.82
201,555,539,41.744325,12.926450,20.907326,54.67
202,611,542,41.709953,13.581017,21.948332,53.28
203,668,546,41.671314,14.234729,26.900978,52.06
204,724,549,41.628417,14.887487,24.087465,50.04
205,780,553,41.581273,15.539195,20.946024,47.63
206,836,558,41.529895,16.189756,19.804861,51.67
207,892,563,41.474295,16.839076,19.514181,49.58
208,948,568,41.414489,17.487060,16.586113,45.53
209,1004,573,41.350490,18.133615,14.645822,48.48
210,44,487,42.350612,7.004586,20.482807,16.66
211,101,487,42.354963,7.668177,16.227839,18.19
212,158,487,42.354963,8.331821,18.030828,21.90
213,215,487,42.350612,8.995413,24.855808,23.56
214,273,488,42.341910,9.658848,15.022400,26.73
215,330,489,42.328861,10.322022,15.557432,34.02
216,387,490,42.311468,10.984832,18.566330,43.39
217,444,492,42.289734,11.647172,18.672390,57.47
218,501,495,42.263667,12.308940,20.717318,62.73
219,558,497,42.233272,12.970034,23.174614,62.81
220,615,500,42.198559,13.630351,24.839178,49.85
221,672,504,42.159535,14.289790,19.232964,45.50
222,729,507,42.116212,14.948250,15.747705,42.86
223,786,511,42.068600,15.605632,18.810915,53.37
224,843,516,42.016712,16.261837,17.482555,49.73
225,899,521,41.960561,16.916767,17.357191,53.78
226,955,526,41.900163,17.570326,16.702229,52.28
227,1012,531,41.835532,18.222419,12.722874,57.61
228,43,445,42.841242,6.995675,16.990108,10.53
229,101,444,42.845637,7.665207,17.812576,29.90
230,158,444,42.845637,8.334792,16.674784,24.38
231,216,445,42.841242,9.004324,21.390694,20.35
232,274,445,42.832453,9.673694,17.244877,28.98
233,332,447,42.819274,10.342797,15.387313,31.29
234,389,448,42.801707,11.011524,18.246634,40.44
235,447,450,42.779756,11.679771,25.183624,55.76
236,505,452,42.753429,12.347429,23.657679,62.72
237,562,455,42.722731,13.014395,25.751390,59.82
238,620,458,42.687671,13.680564,20.969152,57.68
239,677,461,42.648259,14.345830,17.545275,51.51
240,734,465,42.604504,15.010092,14.309592,53.19
241,792,469,42.556419,15.673246,13.679916,60.98
242,849,474,42.504015,16.335192,16.874441,51.36
243,906,479,42.447308,16.995829,17.604565,51.77
244,963,484,42.386311,17.655059,15.917421,55.59
245,1020,490,42.321041,18.312784,13.778910,62.59
246,42,402,43.332365,6.986604,17.535330,7.94
247,100,402,43.336804,7.662183,20.838863,25.26
248,159,402,43.336804,8.337816,16.305525,21.71
249,217,402,43.332365,9.013395,17.290760,20.02
250,275,403,43.323489,9.688808,17.697760,29.58
251,333,404,43.310177,10.363946,15.866103,34.92
252,392,406,43.292434,11.038698,19.500242,45.17
253,450,408,43.270264,11.712957,23.303326,57.27
254,508,410,43.243673,12.386611,25.847378,62.49
255,566,413,43.212669,13.059554,25.330925,54.91
256,624,416,43.177259,13.731678,17.573526,60.84
257,682,419,43.137453,14.402875,16.162237,63.10
258,740,423,43.093262,15.073041,13.964316,70.72
259,798,427,43.044698,15.742069,13.936983,66.06
260,855,432,42.991774,16.409856,15.442978,61.90
261,913,437,42.934503,17.076299,16.254913,63.82
262,970,442,42.872901,17.741297,18.503443,65.12
263,1027,448,42.806984,18.404750,20.251350,68.87
264,41,360,43.823949,6.977368,16.046452,1.36
265,100,359,43.828433,7.659103,18.479849,19.98
266,159,359,43.828433,8.340896,15.174904,15.80
267,218,360,43.823949,9.022631,16.461527,19.61
268,277,361,43.814984,9.704197,16.643202,38.10
269,335,362,43.801539,10.385480,17.245876,43.92
270,394,363,43.783618,11.066367,18.261534,51.56
271,453,365,43.761226,11.746746,22.956854,50.71
272,512,368,43.734369,12.426505,28.349747,59.69
273,570,370,43.703054,13.105533,20.481527,62.95
274,629,373,43.667290,13.783719,17.936296,63.78
275,687,377,43.627087,14.460953,16.466860,68.01
276,745,381,43.582455,15.137127,14.547071,73.84
277,804,385,43.533406,15.812133,13.089130,68.96
278,862,390,43.479955,16.485864,16.210327,78.21
279,920,395,43.422114,17.158215,17.997564,71.38
280,978,400,43.359900,17.829081,21.447176,66.07
281,1036,406,43.293329,18.498361,24.948908,67.89
282,40,317,44.315964,6.967961,18.984880,-16.45
283,100,317,44.320492,7.655967,14.207089,14.19
284,159,317,44.320492,8.344032,12.017081,18.20
285,219,317,44.315964,9.032038,13.655102,29.58
286,278,318,44.306908,9.719869,19.414845,54.91
287,337,319,44.293328,10.407410,26.573351,61.35
288,397,321,44.275227,11.094544,22.298910,50.08
289,456,323,44.252610,11.781156,20.095182,58.08
290,515,325,44.225484,12.467130,24.252890,63.34
291,574,328,44.193855,13.152353,18.618830,67.09
292,633,331,44.157733,13.836711,18.229975,66.92
293,692,335,44.117127,14.520091,16.109106,71.94
294,751,338,44.072049,15.202381,13.483798,74.44
295,810,343,44.022511,15.883472,17.358858,71.92
296,869,347,43.968525,16.563252,21.586411,75.51
297,927,352,43.910108,17.241614,23.764790,69.51
298,986,358,43.847275,17.918452,26.993940,63.06
299,40,275,44.808376,6.958380,19.229763,5.58
300,99,275,44.812950,7.652773,14.176412,5.78
301,159,275,44.812950,8.347226,10.071188,15.97
302,219,275,44.808376,9.041619,15.080249,29.41
303,279,276,44.799229,9.735832,18.800097,51.43
304,339,277,44.785512,10.429747,18.233515,51.59
305,399,278,44.767229,11.123243,20.706240,59.62
306,459,280,44.744385,11.816203,19.480507,54.31
307,519,283,44.716986,12.508507,19.670210,69.57
308,578,286,44.685040,13.200039,18.358042,69.53
309,638,289,44.648555,13.890682,17.797850,68.28
310,697,292,44.607542,14.580319,17.392797,68.38
311,757,296,44.562012,15.268837,20.314478,68.67
312,816,300,44.511978,15.956120,20.195185,68.19
313,875,305,44.457454,16.642058,21.562359,67.49
314,934,310,44.398453,17.326539,20.862759,59.83
315,993,316,44.334994,18.009453,23.193291,56.68
316,39,232,45.301153,6.948619,12.617796,7.87
317,99,232,45.305773,7.649519,10.835705,9.01
318,160,232,45.305773,8.350480,10.388925,17.66
319,220,232,45.301153,9.051380,12.355193,36.56
320,281,233,45.291914,9.752095,18.177679,51.10
321,341,234,45.278059,10.452502,17.901388,54.84
322,402,236,45.259591,11.152480,19.593855,60.98
323,462,238,45.236517,11.851905,16.443752,65.81
324,522,240,45.208842,12.550657,20.142477,70.22
325,582,243,45.176574,13.248614,18.862652,72.19
326,643,246,45.139723,13.945657,18.840405,65.09
327,703,250,45.098298,14.641667,17.867491,64.58
328,763,254,45.052311,15.336525,19.567406,61.03
329,823,258,45.001776,16.030115,17.458250,61.21
330,882,263,44.946705,16.722322,16.721279,58.49
331,942,268,44.887115,17.413031,15.882248,53.70
332,1001,274,44.823022,18.102129,17.345078,44.26
333,38,190,45.794262,6.938674,15.436109,25.77
334,99,189,45.798929,7.646203,7.359584,7.31
335,160,189,45.798929,8.353796,10.655806,36.77
336,221,190,45.794262,9.061325,11.723553,59.29
337,282,191,45.784930,9.768664,15.770233,59.30
338,343,192,45.770934,10.475687,15.108206,58.02
339,404,193,45.752281,11.182268,17.993340,77.20
340,465,195,45.728973,11.888281,17.096939,65.85
341,526,198,45.701019,12.593601,21.922859,73.56
342,587,201,45.668426,13.298104,20.084824,67.63
343,647,204,45.631204,14.001667,19.632767,63.86
344,708,208,45.589362,14.704167,21.294867,63.07
345,769,212,45.542913,15.405482,18.566326,64.04
346,829,216,45.491870,16.105494,17.029692,53.40
347,889,221,45.436247,16.804084,17.067972,59.45
348,949,226,45.376060,17.501133,14.275183,58.47
349,1010,232,45.311326,18.196527,13.657526,57.50
350,37,147,46.287670,6.928539,13.919739,40.48
351,99,147,46.292384,7.642824,8.577764,47.26
352,160,147,46.292384,8.357175,10.127865,70.69
353,222,147,46.287670,9.071460,11.704188,81.24
354,284,148,46.278243,9.785550,11.365493,78.57
355,345,149,46.264106,10.499315,15.981920,62.87
356,407,151,46.245263,11.212625,17.670944,68.34
357,468,153,46.221720,11.925350,17.788622,74.04
358,530,155,46.193484,12.637363,20.906628,72.04
359,591,158,46.160561,13.348535,20.116255,72.11
360,652,161,46.122963,14.058739,20.785383,61.64
361,714,165,46.080699,14.767850,18.675589,60.76
362,775,169,46.033783,15.475744,20.064240,59.09
363,836,174,45.982226,16.182296,21.015869,58.21
364,897,178,45.926044,16.887385,18.436623,58.83
365,957,184,45.865253,17.590891,14.218254,53.68
366,1018,189,45.799870,18.292694,13.585102,56.99
367,36,105,46.781342,6.918208,17.119715,43.66
368,98,104,46.786104,7.639380,16.034056,50.41
369,161,104,46.786104,8.360619,6.874153,64.20
370,223,105,46.781342,9.081791,15.128142,70.27
371,285,105,46.771820,9.802762,16.991072,68.91
372,347,107,46.757540,10.523398,11.488866,90.84
373,409,108,46.738506,11.243565,15.963245,79.47
374,472,110,46.714724,11.963132,16.499939,78.79
375,534,113,46.686201,12.681965,20.322392,76.89
376,596,116,46.652946,13.399932,23.680347,70.29
377,657,119,46.614967,14.116905,22.183018,61.23
378,719,123,46.572277,14.832752,22.394932,60.26
379,781,127,46.524886,15.547347,20.201128,60.12
380,842,131,46.472810,16.260561,20.286020,54.75
381,904,136,46.416062,16.972271,19.348207,56.87
382,965,141,46.354660,17.682351,14.998206,63.19
383,1026,147,46.288621,18.390681,13.777719,61.74
384,35,62,47.275246,6.907676,15.972642,45.42
385,98,62,47.280056,7.635869,16.968939,52.87
386,161,62,47.280056,8.364130,11.023614,24.07
387,224,62,47.275246,9.092323,16.593853,55.38
388,287,63,47.265626,9.820308,16.618618,66.75
389,349,64,47.251201,10.547949,17.963953,74.28
390,412,66,47.231974,11.275108,18.173927,72.08
391,475,68,47.207951,12.001647,26.052286,81.11
392,537,70,47.179138,12.727432,31.546484,80.21
393,600,73,47.145545,13.452326,29.793377,75.72
394,663,77,47.107182,14.176196,23.961199,63.81
395,725,80,47.064059,14.898907,22.675535,64.26
396,787,84,47.016189,15.620330,22.478664,56.96
397,849,89,46.963586,16.340332,20.136890,55.51
398,911,94,46.906266,17.058785,18.786562,54.94
399,973,99,46.844245,17.775563,15.669787,63.34
400,1035,105,46.777541,18.490539,14.864763,69.33
401,34,19,47.769345,6.896937,15.634079,53.96
402,98,19,47.774205,7.632288,15.706302,55.29
403,161,19,47.774205,8.367711,11.099808,50.35
404,225,19,47.769345,9.103062,12.413278,66.98
405,288,20,47.759628,9.838200,14.445709,63.22
406,352,21,47.745056,10.572983,16.382395,60.26
407,415,23,47.725632,11.307269,15.281237,67.30
408,478,25,47.701364,12.040918,21.834492,62.85
409,541,28,47.672259,12.773790,19.741127,70.20
410,605,31,47.638324,13.505744,23.352715,75.18
411,668,34,47.599571,14.236644,24.414366,68.32
412,731,38,47.556010,14.966352,25.002800,72.23
413,794,42,47.507655,15.694733,22.678421,62.21
414,856,47,47.454520,16.421652,20.956072,55.23
415,919,52,47.396620,17.146976,17.916319,59.53
416,981,57,47.333973,17.870576,17.061630,61.65
417,800,0,47.999249,15.770598,18.457209,50.88
418,863,4,47.945575,16.504566,17.270037,52.93
419,927,9,47.887088,17.236892,17.951271,63.35
420,990,15,47.823807,17.967443,17.783112,65.04
