vector_id,pixel_x,pixel_y,latitude,longitude,magnitude,alpha_deg
0,0,992,36.504607,6.500736,18.031574,-30.07
1,52,991,36.512337,7.100364,17.616894,-22.22
2,104,991,36.516202,7.700108,17.826971,-21.11
3,155,991,36.516202,8.299891,19.139093,-18.88
4,207,991,36.512337,8.899635,17.684610,-10.19
5,259,992,36.504607,9.499263,19.106079,-7.13
6,51,949,36.994759,7.093092,17.842592,-16.76
7,103,949,36.998662,7.697684,17.726154,-20.79
8,156,949,36.998662,8.302315,17.885006,-17.05
9,208,949,36.994759,8.906907,19.209299,-17.85
10,260,950,36.986953,9.511380,20.186384,-11.94
11,312,951,36.975246,10.115655,19.757509,-7.17
12,364,952,36.959642,10.719655,20.131128,-7.27
13,416,954,36.940143,11.323300,20.180521,4.04
14,468,956,36.916755,11.926512,22.180298,9.56
15,520,958,36.889483,12.529213,23.499674,3.55
16,572,961,36.858333,13.131326,24.276438,-2.89
17,624,964,36.823313,13.732773,20.170576,1.89
18,676,967,36.784431,14.333479,18.192760,20.63
19,728,971,36.741697,14.933367,18.326794,24.63
20,780,975,36.695120,15.532361,18.232040,30.78
21,831,980,36.644711,16.130388,17.666534,34.38
22,883,984,36.590482,16.727372,17.191912,39.82
23,934,989,36.532447,17.323242,17.060652,39.91
24,51,908,37.478018,7.085702,18.631138,-24.72
25,103,907,37.481960,7.695220,18.990215,-20.13
26,156,907,37.481960,8.304779,19.760471,-18.37
27,208,908,37.478018,8.914297,19.097786,-17.96
28,261,908,37.470135,9.523694,20.617031,-13.21
29,314,909,37.458313,10.132888,21.922359,-12.84
30,366,911,37.442554,10.741800,20.992222,-12.29
31,419,912,37.422863,11.350348,20.204071,-10.02
32,471,914,37.399244,11.958453,20.858637,-3.54
33,524,917,37.371703,12.566034,19.894669,2.10
34,576,919,37.340247,13.173013,21.403572,2.99
35,628,923,37.304882,13.779310,22.145487,12.46
36,681,926,37.265618,14.384847,19.540051,24.77
37,733,930,37.222464,14.989545,19.712807,24.64
38,785,934,37.175430,15.593329,17.663448,28.74
39,837,938,37.124526,16.196122,17.745220,39.09
40,889,943,37.069766,16.797847,18.272627,42.80
41,941,948,37.011162,17.398431,17.772308,45.04
42,992,953,36.948729,17.997799,16.399658,38.97
43,50,866,37.962086,7.078190,19.426855,-25.48
44,103,865,37.966067,7.692716,19.633303,-22.62
45,156,865,37.966067,8.307283,19.276178,-19.91
46,209,866,37.962087,8.921809,18.764736,-18.86
47,262,866,37.954126,9.536210,18.211817,-17.42
48,315,868,37.942187,10.150404,18.005283,-15.54
49,368,869,37.926273,10.764308,18.476303,-14.30
50,421,871,37.906387,11.377840,18.556170,-13.98
51,474,873,37.882536,11.990917,19.092638,-11.50
52,527,875,37.854723,12.603458,22.912611,0.13
53,580,878,37.822957,13.215381,20.268446,10.10
54,632,881,37.787244,13.826606,21.460445,16.97
55,685,884,37.747593,14.437052,20.788271,26.03
56,738,888,37.704015,15.046639,21.190086,26.71
57,790,892,37.656518,15.655289,19.231827,29.36
58,843,897,37.605115,16.262924,17.360720,34.11
59,895,901,37.549818,16.869465,19.455580,41.40
60,947,906,37.490640,17.474836,19.254122,51.16
61,999,912,37.427595,18.078962,17.837749,42.39
62,49,824,38.446939,7.070554,20.966711,-25.19
63,103,824,38.450959,7.690170,18.458456,-24.86
64,156,824,38.450959,8.309829,18.482872,-21.83
65,210,824,38.446939,8.929445,18.379322,-16.79
66,263,825,38.438899,9.548934,17.663275,-20.92
67,317,826,38.426842,10.168210,19.203987,-18.36
68,370,827,38.410771,10.787189,20.241261,-20.63
69,423,829,38.390689,11.405787,19.065434,-19.32
70,477,831,38.366602,12.023918,18.728117,-14.06
71,530,833,38.338515,12.641500,19.604448,-0.70
72,583,836,38.306435,13.258449,20.198624,7.77
73,637,839,38.270370,13.874681,21.567970,20.60
74,690,843,38.230329,14.490116,23.233549,30.53
75,743,846,38.186321,15.104671,21.740170,31.07
76,796,851,38.138358,15.718265,16.525993,42.83
77,848,855,38.086450,16.330818,19.539001,38.95
78,901,860,38.030610,16.942252,18.318306,35.88
79,954,865,37.970852,17.552486,20.788315,51.30
80,1006,871,37.907190,18.161445,19.228865,46.63
81,49,782,38.932547,7.062790,20.606165,-28.07
82,102,782,38.936607,7.687582,19.799580,-23.53
83,156,782,38.936607,8.312417,18.480904,-21.08
84,210,782,38.932547,8.937209,19.719566,-18.95
85,264,783,38.924428,9.561870,19.450563,-21.05
86,318,784,38.912252,10.186313,18.714725,-22.40
87,372,785,38.896022,10.810452,17.211147,-20.81
88,426,787,38.875741,11.434199,18.858284,-21.69
89,480,789,38.851416,12.057469,18.011478,-23.88
90,533,791,38.823051,12.680175,19.500677,-5.88
91,587,794,38.790655,13.302232,20.179070,10.56
92,641,797,38.754234,13.923555,22.118782,16.85
93,694,801,38.713798,14.544060,23.404667,27.34
94,748,805,38.669357,15.163663,21.992710,42.93
95,801,809,38.620921,15.782282,21.248543,26.58
96,854,813,38.568503,16.399834,19.723494,33.54
97,908,818,38.512115,17.016237,16.705013,36.95
98,961,824,38.451770,17.631413,20.525585,46.34
99,1014,829,38.387484,18.245281,20.033669,48.32
100,48,740,39.418884,7.054895,19.154047,-21.18
101,102,740,39.422985,7.684950,18.608477,-18.71
102,157,740,39.422985,8.315049,15.906411,-19.86
103,211,740,39.418884,8.945104,19.949615,-16.73
104,265,741,39.410685,9.575024,21.480350,-23.55
105,320,742,39.398388,10.204721,16.744576,-23.75
106,374,743,39.381997,10.834106,17.809830,-17.06
107,428,745,39.361516,11.463089,18.495232,-12.59
108,483,747,39.336950,12.091583,19.719988,-20.10
109,537,750,39.308305,12.719499,17.389923,-14.12
110,591,752,39.275588,13.346749,17.267395,5.53
111,645,756,39.238808,13.973247,19.330564,14.21
112,699,759,39.197973,14.598906,20.337873,23.19
113,753,763,39.153093,15.223640,24.083733,30.18
114,807,767,39.104181,15.847365,21.355213,39.48
115,861,772,39.051246,16.469997,22.318769,30.47
116,914,777,38.994304,17.091452,21.480164,43.92
117,968,782,38.933366,17.711647,21.291697,52.32
118,1021,788,38.868450,18.330503,21.391035,48.73
119,47,698,39.905922,7.046866,18.890949,-17.75
120,102,698,39.910063,7.682273,17.731161,-19.17
121,157,698,39.910063,8.317726,16.340734,-21.30
122,212,698,39.905922,8.953133,20.529284,-20.09
123,267,699,39.897641,9.588402,21.712973,-34.18
124,321,700,39.885223,10.223442,18.713793,-25.37
125,376,701,39.868669,10.858161,21.233511,-23.61
126,431,703,39.847985,11.492469,21.671360,-18.71
127,486,705,39.823176,12.126275,20.780949,-12.46
128,540,708,39.794247,12.759488,17.052784,-7.82
129,595,711,39.761207,13.392019,16.926592,8.34
130,649,714,39.724063,14.023777,17.837727,13.67
131,704,717,39.682824,14.654676,17.815140,26.83
132,758,721,39.637502,15.284627,20.509539,35.96
133,812,725,39.588107,15.913542,23.389135,35.04
134,867,730,39.534651,16.541337,25.108084,39.15
135,921,735,39.477148,17.167925,18.354792,48.00
136,975,740,39.415612,17.793222,17.831863,50.80
137,1029,746,39.350057,18.417146,19.328609,55.34
138,46,656,40.393632,7.038700,16.354965,-15.03
139,102,656,40.397814,7.679551,15.825601,-25.35
140,157,656,40.397814,8.320448,18.247528,-19.63
141,212,656,40.393632,8.961299,23.085443,-24.66
142,268,657,40.385269,9.602008,25.111788,-24.40
143,323,658,40.372727,10.242483,20.333136,-28.12
144,378,659,40.356009,10.882628,20.041208,-22.58
145,433,661,40.335120,11.522352,18.261850,-22.44
146,489,663,40.310065,12.161560,16.717798,-11.52
147,544,666,40.280850,12.800160,16.640352,-1.99
148,599,669,40.247482,13.438060,15.961066,11.61
149,654,672,40.209970,14.075169,16.970482,17.27
150,709,675,40.168324,14.711395,17.063929,38.92
151,764,679,40.122554,15.346649,20.004877,39.07
152,818,684,40.072671,15.980841,28.804132,41.57
153,873,688,40.018688,16.613884,21.480762,44.70
154,927,693,39.960618,17.245689,19.601870,52.78
155,982,699,39.898477,17.876171,18.762917,53.97
156,46,614,40.881986,7.030393,14.645847,-16.77
157,102,613,40.886209,7.676781,19.225536,-18.14
158,157,613,40.886209,8.323218,21.348783,-16.10
159,213,614,40.881986,8.969606,21.466749,-20.55
160,269,615,40.873539,9.615850,25.452908,-24.10
161,325,616,40.860873,10.261853,22.260492,-29.53
162,380,617,40.843989,10.907518,21.963120,-33.09
163,436,619,40.822892,11.552749,19.083046,-28.64
164,492,621,40.797588,12.197453,17.242031,-9.97
165,547,624,40.768083,12.841532,16.406147,9.29
166,603,627,40.734384,13.484893,16.242599,16.11
167,658,630,40.696501,14.127442,16.018312,22.08
168,714,633,40.654442,14.769086,16.482918,41.53
169,769,637,40.608219,15.409732,23.055176,42.72
170,824,642,40.557843,16.049290,28.207823,44.55
171,879,646,40.503328,16.687668,20.393547,47.40
172,934,652,40.444685,17.324777,20.936415,51.57
173,989,657,40.381932,17.960528,20.605574,55.81
174,45,572,41.370953,7.021940,22.978029,-17.36
175,101,571,41.375219,7.673963,22.895626,-22.58
176,158,571,41.375219,8.326036,20.138508,-19.71
177,214,572,41.370953,8.978059,20.484058,-24.42
178,270,572,41.362423,9.629933,24.246029,-20.12
179,326,573,41.349630,10.281560,22.877302,-26.29
180,383,575,41.332578,10.932840,20.416924,-21.90
181,439,577,41.311272,11.583676,16.729362,-14.58
182,495,579,41.285716,12.233969,15.292521,-12.73
183,551,582,41.255918,12.883622,15.372116,17.05
184,607,584,41.221885,13.532538,16.973425,26.13
185,663,588,41.183626,14.180621,16.551012,32.18
186,719,591,41.141150,14.827775,19.554697,43.25
187,775,595,41.094469,15.473905,23.355221,40.73
188,830,600,41.043595,16.118918,23.447317,43.02
189,886,605,40.988540,16.762721,21.120605,48.24
190,941,610,40.929319,17.405222,22.332989,52.87
191,997,615,40.865946,18.046331,20.055691,59.82
192,44,529,41.860505,7.013339,20.768692,-22.04
193,101,529,41.864814,7.671096,20.769831,-17.77
194,158,529,41.864814,8.328903,18.024052,-16.75
195,215,529,41.860505,8.986660,21.624172,-19.30
196,271,530,41.851890,9.644264,23.255758,-25.39
197,328,531,41.838970,10.301613,19.341686,-20.81
198,385,533,41.821748,10.958608,17.560711,-17.98
199,441,535,41.800229,11.615145,13.823220,-7.16
200,498,537,41.774419,12.271126,15.158082,4.71
201,555,539,41.744325,12.926450,16.368320,20.99
202,611,542,41.709953,13.581017,15.384551,33.94
203,668,546,41.671314,14.234729,20.865400,42.85
204,724,549,41.628417,14.887487,19.704382,42.97
205,780,553,41.581273,15.539195,18.230431,46.27
206,836,558,41.529895,16.189756,18.715818,45.57
207,892,563,41.474295,16.839076,20.210649,51.00
208,948,568,41.414489,17.487060,21.422697,54.69
209,1004,573,41.350490,18.133615,18.846491,57.07
210,44,487,42.350612,7.004586,19.353107,-22.66
211,101,487,42.354963,7.668177,19.618069,-16.48
212,158,487,42.354963,8.331821,16.337933,-16.70
213,215,487,42.350612,8.995413,27.206627,-10.17
214,273,488,42.341910,9.658848,18.917835,-24.49
215,330,489,42.328861,10.322022,18.406425,-20.20
216,387,490,42.311468,10.984832,18.455074,-11.80
217,444,492,42.289734,11.647172,14.094738,-2.48
218,501,495,42.263667,12.308940,12.797560,7.40
219,558,497,42.233272,12.970034,15.805432,24.82
220,615,500,42.198559,13.630351,17.531811,36.56
221,672,504,42.159535,14.289790,13.818848,50.55
222,729,507,42.116212,14.948250,12.220196,42.67
223,786,511,42.068600,15.605632,18.819212,35.62
224,843,516,42.016712,16.261837,18.270657,48.75
225,899,521,41.960561,16.916767,18.560741,55.19
226,955,526,41.900163,17.570326,19.033010,61.58
227,1012,531,41.835532,18.222419,16.934345,61.40
228,43,445,42.841242,6.995675,20.435184,-22.03
229,101,444,42.845637,7.665207,20.225071,-23.81
230,158,444,42.845637,8.334792,14.091326,-25.21
231,216,445,42.841242,9.004324,16.191254,-0.39
232,274,445,42.832453,9.673694,14.043301,-17.30
233,332,447,42.819274,10.342797,14.457252,-9.88
234,389,448,42.801707,11.011524,15.129484,-5.38
235,447,450,42.779756,11.679771,17.857761,6.91
236,505,452,42.753429,12.347429,14.697632,28.55
237,562,455,42.722731,13.014395,15.847719,27.88
238,620,458,42.687671,13.680564,11.647907,38.49
239,677,461,42.648259,14.345830,14.790487,44.48
240,734,465,42.604504,15.010092,13.249518,41.89
241,792,469,42.556419,15.673246,14.832963,47.56
242,849,474,42.504015,16.335192,18.084579,51.69
243,906,479,42.447308,16.995829,18.082548,57.05
244,963,484,42.386311,17.655059,20.538609,61.67
245,1020,490,42.321041,18.312784,16.880697,67.91
246,42,402,43.332365,6.986604,20.442385,-22.51
247,100,402,43.336804,7.662183,16.976374,-28.62
248,159,402,43.336804,8.337816,11.804286,-12.62
249,217,402,43.332365,9.013395,9.547281,-1.83
250,275,403,43.323489,9.688808,13.203662,-16.02
251,333,404,43.310177,10.363946,15.865489,-9.48
252,392,406,43.292434,11.038698,18.119862,-8.23
253,450,408,43.270264,11.712957,15.960873,1.34
254,508,410,43.243673,12.386611,15.764778,35.21
255,566,413,43.212669,13.059554,17.062361,38.99
256,624,416,43.177259,13.731678,12.903850,38.82
257,682,419,43.137453,14.402875,14.450898,44.19
258,740,423,43.093262,15.073041,11.570572,43.03
259,798,427,43.044698,15.742069,15.072452,46.57
260,855,432,42.991774,16.409856,15.495811,59.72
261,913,437,42.934503,17.076299,18.554867,59.37
262,970,442,42.872901,17.741297,20.661541,67.43
263,1027,448,42.806984,18.404750,22.314032,70.86
264,41,360,43.823949,6.977368,22.236214,-32.43
265,100,359,43.828433,7.659103,10.316834,-29.92
266,159,359,43.828433,8.340896,6.037828,-35.99
267,218,360,43.823949,9.022631,12.372401,-13.18
268,277,361,43.814984,9.704197,12.557682,-14.12
269,335,362,43.801539,10.385480,13.734986,-6.67
270,394,363,43.783618,11.066367,14.330805,-9.71
271,453,365,43.761226,11.746746,15.019407,-0.42
272,512,368,43.734369,12.426505,17.525494,29.40
273,570,370,43.703054,13.105533,16.901169,40.65
274,629,373,43.667290,13.783719,11.527800,43.12
275,687,377,43.627087,14.460953,12.906466,65.42
276,745,381,43.582455,15.137127,12.231189,42.52
277,804,385,43.533406,15.812133,11.601555,62.76
278,862,390,43.479955,16.485864,18.054295,64.92
279,920,395,43.422114,17.158215,18.892609,60.43
280,978,400,43.359900,17.829081,25.146057,74.20
281,1036,406,43.293329,18.498361,26.383625,67.67
282,40,317,44.315964,6.967961,25.887831,-32.03
283,100,317,44.320492,7.655967,11.349390,-42.26
284,159,317,44.320492,8.344032,11.493213,-54.52
285,219,317,44.315964,9.032038,10.976734,-33.14
286,278,318,44.306908,9.719869,10.925537,-37.16
287,337,319,44.293328,10.407410,13.957789,-20.00
288,397,321,44.275227,11.094544,11.454720,-12.18
289,456,323,44.252610,11.781156,8.998978,3.10
290,515,325,44.225484,12.467130,11.005007,42.44
291,574,328,44.193855,13.152353,14.129888,38.26
292,633,331,44.157733,13.836711,12.245485,47.81
293,692,335,44.117127,14.520091,15.581250,55.76
294,751,338,44.072049,15.202381,10.243696,57.13
295,810,343,44.022511,15.883472,15.603277,59.51
296,869,347,43.968525,16.563252,22.226515,66.73
297,927,352,43.910108,17.241614,27.756058,66.67
298,986,358,43.847275,17.918452,32.131077,70.63
299,40,275,44.808376,6.958380,23.830566,-20.36
300,99,275,44.812950,7.652773,17.075439,-38.10
301,159,275,44.812950,8.347226,12.525178,-45.96
302,219,275,44.808376,9.041619,13.342616,-45.32
303,279,276,44.799229,9.735832,12.305132,-29.88
304,339,277,44.785512,10.429747,10.452023,-31.65
305,399,278,44.767229,11.123243,9.562531,-8.62
306,459,280,44.744385,11.816203,8.077658,25.08
307,519,283,44.716986,12.508507,8.713589,51.11
308,578,286,44.685040,13.200039,14.075517,62.58
309,638,289,44.648555,13.890682,11.999686,54.09
310,697,292,44.607542,14.580319,13.425004,54.02
311,757,296,44.562012,15.268837,17.991238,54.03
312,816,300,44.511978,15.956120,19.843122,52.41
313,875,305,44.457454,16.642058,24.894630,58.01
314,934,310,44.398453,17.326539,23.720333,65.19
315,993,316,44.334994,18.009453,26.866833,70.49
316,39,232,45.301153,6.948619,21.339806,-29.64
317,99,232,45.305773,7.649519,15.005110,-35.27
318,160,232,45.305773,8.350480,17.077520,-45.90
319,220,232,45.301153,9.051380,5.567447,-50.16
320,281,233,45.291914,9.752095,8.692658,-41.36
321,341,234,45.278059,10.452502,11.608840,-30.57
322,402,236,45.259591,11.152480,9.542445,-0.08
323,462,238,45.236517,11.851905,9.125391,33.51
324,522,240,45.208842,12.550657,9.002062,45.41
325,582,243,45.176574,13.248614,14.011427,56.89
326,643,246,45.139723,13.945657,11.185801,57.13
327,703,250,45.098298,14.641667,14.430016,56.45
328,763,254,45.052311,15.336525,20.002983,49.91
329,823,258,45.001776,16.030115,18.060194,52.45
330,882,263,44.946705,16.722322,18.360010,49.90
331,942,268,44.887115,17.413031,21.995844,58.51
332,1001,274,44.823022,18.102129,26.706636,62.23
333,38,190,45.794262,6.938674,19.537811,-11.67
334,99,189,45.798929,7.646203,16.231197,-26.19
335,160,189,45.798929,8.353796,9.222654,-41.79
336,221,190,45.794262,9.061325,15.221558,-41.41
337,282,191,45.784930,9.768664,12.578684,-45.07
338,343,192,45.770934,10.475687,6.839120,-35.63
339,404,193,45.752281,11.182268,4.265440,3.95
340,465,195,45.728973,11.888281,7.721904,43.80
341,526,198,45.701019,12.593601,9.262374,55.35
342,587,201,45.668426,13.298104,12.290063,54.40
343,647,204,45.631204,14.001667,14.093757,59.08
344,708,208,45.589362,14.704167,15.768083,59.43
345,769,212,45.542913,15.405482,15.658382,48.64
346,829,216,45.491870,16.105494,16.463144,51.13
347,889,221,45.436247,16.804084,19.686998,55.49
348,949,226,45.376060,17.501133,23.257570,63.46
349,1010,232,45.311326,18.196527,22.133772,63.11
350,37,147,46.287670,6.928539,13.407210,6.51
351,99,147,46.292384,7.642824,18.924026,1.82
352,160,147,46.292384,8.357175,18.875319,-32.12
353,222,147,46.287670,9.071460,13.964270,-34.32
354,284,148,46.278243,9.785550,14.735663,-57.71
355,345,149,46.264106,10.499315,8.463323,-23.35
356,407,151,46.245263,11.212625,2.749801,-34.61
357,468,153,46.221720,11.925350,6.309639,42.71
358,530,155,46.193484,12.637363,8.438137,50.62
359,591,158,46.160561,13.348535,9.483090,66.08
360,652,161,46.122963,14.058739,14.200467,48.81
361,714,165,46.080699,14.767850,14.324061,48.15
362,775,169,46.033783,15.475744,12.040119,46.73
363,836,174,45.982226,16.182296,17.079063,54.84
364,897,178,45.926044,16.887385,17.358330,61.39
365,957,184,45.865253,17.590891,18.834867,61.56
366,1018,189,45.799870,18.292694,17.968088,64.07
367,36,105,46.781342,6.918208,16.987123,6.88
368,98,104,46.786104,7.639380,18.017523,5.05
369,161,104,46.786104,8.360619,19.186045,5.27
370,223,105,46.781342,9.081791,14.577956,-18.58
371,285,105,46.771820,9.802762,12.858067,-25.49
372,347,107,46.757540,10.523398,13.627324,-33.32
373,409,108,46.738506,11.243565,11.468363,-28.75
374,472,110,46.714724,11.963132,10.302821,-40.30
375,534,113,46.686201,12.681965,8.660691,48.54
376,596,116,46.652946,13.399932,9.974479,50.25
377,657,119,46.614967,14.116905,10.597371,52.10
378,719,123,46.572277,14.832752,12.481593,45.67
379,781,127,46.524886,15.547347,14.615585,49.84
380,842,131,46.472810,16.260561,15.073503,55.12
381,904,136,46.416062,16.972271,20.558243,63.63
382,965,141,46.354660,17.682351,17.071026,65.98
383,1026,147,46.288621,18.390681,18.595913,65.10
384,35,62,47.275246,6.907676,18.631565,14.35
385,98,62,47.280056,7.635869,16.634527,10.30
386,161,62,47.280056,8.364130,14.991800,-2.71
387,224,62,47.275246,9.092323,18.152912,0.21
388,287,63,47.265626,9.820308,17.900345,-5.06
389,349,64,47.251201,10.547949,18.441629,-4.96
390,412,66,47.231974,11.275108,17.244678,-6.66
391,475,68,47.207951,12.001647,17.885006,-17.05
392,537,70,47.179138,12.727432,16.506046,-17.05
393,600,73,47.145545,13.452326,10.671350,-3.20
394,663,77,47.107182,14.176196,9.588323,16.24
395,725,80,47.064059,14.898907,11.682207,43.82
396,787,84,47.016189,15.620330,11.956210,44.27
397,849,89,46.963586,16.340332,13.339911,56.74
398,911,94,46.906266,17.058785,18.652689,67.30
399,973,99,46.844245,17.775563,18.147425,66.88
400,1035,105,46.777541,18.490539,17.918615,64.51
401,34,19,47.769345,6.896937,16.616980,10.25
402,98,19,47.774205,7.632288,15.663707,21.15
403,161,19,47.774205,8.367711,19.027527,1.90
404,225,19,47.769345,9.103062,17.597715,-2.46
405,288,20,47.759628,9.838200,17.451385,5.31
406,352,21,47.745056,10.572983,19.545952,-5.01
407,415,23,47.725632,11.307269,18.801138,-4.67
408,478,25,47.701364,12.040918,17.738247,-7.62
409,541,28,47.672259,12.773790,15.644649,-10.45
410,605,31,47.638324,13.505744,13.224566,-9.90
411,668,34,47.599571,14.236644,8.804955,29.45
412,731,38,47.556010,14.966352,6.103724,47.13
413,794,42,47.507655,15.694733,11.334217,36.44
414,856,47,47.454520,16.421652,11.818764,47.18
415,919,52,47.396620,17.146976,17.584642,69.91
416,981,57,47.333973,17.870576,17.600590,65.86
417,800,0,47.999249,15.770598,14.391331,59.99
418,863,4,47.945575,16.504566,10.678391,57.52
419,927,9,47.887088,17.236892,15.675760,55.68
420,990,15,47.823807,17.967443,19.668396,67.29
