vector_id,pixel_x,pixel_y,latitude,longitude,magnitude,alpha_deg
0,0,992,36.504607,6.500736,19.448959,7.58
1,52,991,36.512337,7.100364,18.614077,8.25
2,104,991,36.516202,7.700108,17.074926,10.58
3,155,991,36.516202,8.299891,16.453602,10.13
4,207,991,36.512337,8.899635,16.556566,10.54
5,259,992,36.504607,9.499263,14.307699,14.07
6,51,949,36.994759,7.093092,20.805515,3.20
7,103,949,36.998662,7.697684,19.938108,4.84
8,156,949,36.998662,8.302315,17.726011,11.96
9,208,949,36.994759,8.906907,17.632851,12.97
10,260,950,36.986953,9.511380,16.210329,16.65
11,312,951,36.975246,10.115655,15.872373,18.83
12,364,952,36.959642,10.719655,15.043176,16.79
13,416,954,36.940143,11.323300,14.800047,10.98
14,468,956,36.916755,11.926512,12.527346,6.41
15,520,958,36.889483,12.529213,10.843015,8.69
16,572,961,36.858333,13.131326,10.762461,15.85
17,624,964,36.823313,13.732773,10.813455,17.10
18,676,967,36.784431,14.333479,10.941370,12.04
19,728,971,36.741697,14.933367,11.421432,7.57
20,780,975,36.695120,15.532361,9.876060,4.66
21,831,980,36.644711,16.130388,9.928583,-8.17
22,883,984,36.590482,16.727372,9.750543,-18.91
23,934,989,36.532447,17.323242,10.869382,-18.55
24,51,908,37.478018,7.085702,23.300272,3.78
25,103,907,37.481960,7.695220,21.511127,6.41
26,156,907,37.481960,8.304779,20.947599,10.01
27,208,908,37.478018,8.914297,18.765293,13.72
28,261,908,37.470135,9.523694,19.244165,13.96
29,314,909,37.458313,10.132888,18.435207,19.25
30,366,911,37.442554,10.741800,17.120935,17.72
31,419,912,37.422863,11.350348,15.998454,11.84
32,471,914,37.399244,11.958453,13.699081,7.69
33,524,917,37.371703,12.566034,13.107001,5.93
34,576,919,37.340247,13.173013,12.652096,9.02
35,628,923,37.304882,13.779310,10.850392,7.81
36,681,926,37.265618,14.384847,10.595660,14.51
37,733,930,37.222464,14.989545,12.821224,10.86
38,785,934,37.175430,15.593329,9.862195,1.44
39,837,938,37.124526,16.196122,10.585008,-8.07
40,889,943,37.069766,16.797847,9.959941,-13.49
41,941,948,37.011162,17.398431,10.933653,-14.04
42,992,953,36.948729,17.997799,9.981786,-12.84
43,50,866,37.962086,7.078190,23.459963,8.23
44,103,865,37.966067,7.692716,21.947556,9.00
45,156,865,37.966067,8.307283,21.799809,11.10
46,209,866,37.962087,8.921809,20.542934,14.74
47,262,866,37.954126,9.536210,19.984179,16.28
48,315,868,37.942187,10.150404,20.100943,17.38
49,368,869,37.926273,10.764308,18.724804,16.26
50,421,871,37.906387,11.377840,17.932959,11.13
51,474,873,37.882536,11.990917,16.014681,9.38
52,527,875,37.854723,12.603458,15.475115,7.14
53,580,878,37.822957,13.215381,13.949054,5.08
54,632,881,37.787244,13.826606,11.000525,5.11
55,685,884,37.747593,14.437052,12.714877,13.99
56,738,888,37.704015,15.046639,12.052484,11.78
57,790,892,37.656518,15.655289,11.473417,6.48
58,843,897,37.605115,16.262924,11.464847,0.42
59,895,901,37.549818,16.869465,10.044730,-10.50
60,947,906,37.490640,17.474836,11.190897,-10.50
61,999,912,37.427595,18.078962,10.419732,-11.11
62,49,824,38.446939,7.070554,21.086380,14.06
63,103,824,38.450959,7.690170,20.954403,10.59
64,156,824,38.450959,8.309829,21.396341,13.69
65,210,824,38.446939,8.929445,19.510944,17.92
66,263,825,38.438899,9.548934,19.115440,18.87
67,317,826,38.426842,10.168210,20.531340,13.33
68,370,827,38.410771,10.787189,20.699984,14.84
69,423,829,38.390689,11.405787,19.913570,14.68
70,477,831,38.366602,12.023918,18.385014,13.00
71,530,833,38.338515,12.641500,17.622042,9.95
72,583,836,38.306435,13.258449,14.980391,6.68
73,637,839,38.270370,13.874681,13.021603,6.97
74,690,843,38.230329,14.490116,12.959478,9.47
75,743,846,38.186321,15.104671,13.117087,15.24
76,796,851,38.138358,15.718265,11.940736,12.92
77,848,855,38.086450,16.330818,11.972458,-0.24
78,901,860,38.030610,16.942252,10.519001,-8.04
79,954,865,37.970852,17.552486,11.685863,-5.17
80,1006,871,37.907190,18.161445,10.488586,-4.04
81,49,782,38.932547,7.062790,24.475294,12.08
82,102,782,38.936607,7.687582,21.770184,17.41
83,156,782,38.936607,8.312417,22.334675,20.89
84,210,782,38.932547,8.937209,23.683754,18.04
85,264,783,38.924428,9.561870,22.123278,17.16
86,318,784,38.912252,10.186313,22.089888,15.25
87,372,785,38.896022,10.810452,21.391802,12.91
88,426,787,38.875741,11.434199,21.026360,12.63
89,480,789,38.851416,12.057469,20.374945,11.33
90,533,791,38.823051,12.680175,18.963171,7.82
91,587,794,38.790655,13.302232,17.982866,1.55
92,641,797,38.754234,13.923555,15.265084,-1.26
93,694,801,38.713798,14.544060,13.069613,7.54
94,748,805,38.669357,15.163663,13.495480,9.99
95,801,809,38.620921,15.782282,12.349927,8.12
96,854,813,38.568503,16.399834,9.433619,5.97
97,908,818,38.512115,17.016237,9.614325,-7.00
98,961,824,38.451770,17.631413,12.179605,-6.58
99,1014,829,38.387484,18.245281,11.097935,-8.63
100,48,740,39.418884,7.054895,23.600660,13.17
101,102,740,39.422985,7.684950,24.043667,15.20
102,157,740,39.422985,8.315049,24.170536,21.20
103,211,740,39.418884,8.945104,24.852489,15.76
104,265,741,39.410685,9.575024,24.623156,17.59
105,320,742,39.398388,10.204721,22.449381,17.78
106,374,743,39.381997,10.834106,21.634405,15.62
107,428,745,39.361516,11.463089,21.540773,14.86
108,483,747,39.336950,12.091583,21.995741,13.63
109,537,750,39.308305,12.719499,19.737837,11.47
110,591,752,39.275588,13.346749,18.503204,6.76
111,645,756,39.238808,13.973247,17.485481,2.53
112,699,759,39.197973,14.598906,14.350595,12.00
113,753,763,39.153093,15.223640,14.336301,13.18
114,807,767,39.104181,15.847365,13.583461,11.92
115,861,772,39.051246,16.469997,9.962138,2.20
116,914,777,38.994304,17.091452,10.396831,5.25
117,968,782,38.933366,17.711647,10.353214,0.05
118,1021,788,38.868450,18.330503,10.335958,-3.18
119,47,698,39.905922,7.046866,25.865967,18.56
120,102,698,39.910063,7.682273,23.906895,17.45
121,157,698,39.910063,8.317726,22.597763,19.18
122,212,698,39.905922,8.953133,23.508831,22.46
123,267,699,39.897641,9.588402,23.138319,19.30
124,321,700,39.885223,10.223442,23.123508,19.20
125,376,701,39.868669,10.858161,22.440390,16.47
126,431,703,39.847985,11.492469,22.770880,16.46
127,486,705,39.823176,12.126275,23.024731,12.40
128,540,708,39.794247,12.759488,19.546440,8.92
129,595,711,39.761207,13.392019,19.274666,11.34
130,649,714,39.724063,14.023777,17.484753,10.37
131,704,717,39.682824,14.654676,16.112848,16.08
132,758,721,39.637502,15.284627,14.338249,26.08
133,812,725,39.588107,15.913542,15.486556,15.66
134,867,730,39.534651,16.541337,6.553754,3.62
135,921,735,39.477148,17.167925,10.692561,6.55
136,975,740,39.415612,17.793222,10.519606,8.06
137,1029,746,39.350057,18.417146,11.069726,3.38
138,46,656,40.393632,7.038700,24.957121,22.01
139,102,656,40.397814,7.679551,25.407286,24.57
140,157,656,40.397814,8.320448,22.537754,23.85
141,212,656,40.393632,8.961299,24.728901,23.13
142,268,657,40.385269,9.602008,23.560156,23.35
143,323,658,40.372727,10.242483,23.778065,20.33
144,378,659,40.356009,10.882628,23.447309,19.58
145,433,661,40.335120,11.522352,23.125570,15.24
146,489,663,40.310065,12.161560,21.469118,11.23
147,544,666,40.280850,12.800160,19.869112,11.97
148,599,669,40.247482,13.438060,20.208843,17.15
149,654,672,40.209970,14.075169,18.409002,15.33
150,709,675,40.168324,14.711395,15.914269,23.51
151,764,679,40.122554,15.346649,15.642684,22.81
152,818,684,40.072671,15.980841,13.087358,7.00
153,873,688,40.018688,16.613884,9.267841,7.28
154,927,693,39.960618,17.245689,12.740428,14.73
155,982,699,39.898477,17.876171,11.863365,12.64
156,46,614,40.881986,7.030393,21.663778,23.71
157,102,613,40.886209,7.676781,22.747316,28.14
158,157,613,40.886209,8.323218,24.611269,29.18
159,213,614,40.881986,8.969606,26.754343,24.17
160,269,615,40.873539,9.615850,24.934284,20.67
161,325,616,40.860873,10.261853,22.954849,22.34
162,380,617,40.843989,10.907518,22.918217,19.42
163,436,619,40.822892,11.552749,21.829800,19.59
164,492,621,40.797588,12.197453,21.178799,16.60
165,547,624,40.768083,12.841532,19.675333,23.87
166,603,627,40.734384,13.484893,20.649195,24.31
167,658,630,40.696501,14.127442,19.356216,23.71
168,714,633,40.654442,14.769086,17.061893,30.06
169,769,637,40.608219,15.409732,16.931284,17.82
170,824,642,40.557843,16.049290,5.484097,8.24
171,879,646,40.503328,16.687668,10.767839,27.05
172,934,652,40.444685,17.324777,12.239996,17.53
173,989,657,40.381932,17.960528,11.269295,18.78
174,45,572,41.370953,7.021940,16.546097,32.37
175,101,571,41.375219,7.673963,19.764206,32.98
176,158,571,41.375219,8.326036,21.883205,30.85
177,214,572,41.370953,8.978059,22.354837,28.59
178,270,572,41.362423,9.629933,23.960789,25.13
179,326,573,41.349630,10.281560,24.205704,27.90
180,383,575,41.332578,10.932840,23.668489,26.23
181,439,577,41.311272,11.583676,21.863085,22.92
182,495,579,41.285716,12.233969,18.153532,28.35
183,551,582,41.255918,12.883622,16.726004,41.25
184,607,584,41.221885,13.532538,16.231499,35.90
185,663,588,41.183626,14.180621,18.737894,33.49
186,719,591,41.141150,14.827775,18.057047,25.06
187,775,595,41.094469,15.473905,12.699965,-6.24
188,830,600,41.043595,16.118918,8.782198,27.43
189,886,605,40.988540,16.762721,13.590029,31.84
190,941,610,40.929319,17.405222,13.157862,21.51
191,997,615,40.865946,18.046331,10.582267,16.80
192,44,529,41.860505,7.013339,17.289251,28.15
193,101,529,41.864814,7.671096,16.886536,25.97
194,158,529,41.864814,8.328903,17.273329,31.84
195,215,529,41.860505,8.986660,18.158943,29.53
196,271,530,41.851890,9.644264,23.080206,26.91
197,328,531,41.838970,10.301613,21.675358,27.11
198,385,533,41.821748,10.958608,23.101454,29.02
199,441,535,41.800229,11.615145,17.554041,34.77
200,498,537,41.774419,12.271126,17.550543,44.97
201,555,539,41.744325,12.926450,18.162651,47.15
202,611,542,41.709953,13.581017,18.484072,40.36
203,668,546,41.671314,14.234729,22.753866,29.98
204,724,549,41.628417,14.887487,18.896248,15.26
205,780,553,41.581273,15.539195,11.722245,26.81
206,836,558,41.529895,16.189756,12.271663,33.97
207,892,563,41.474295,16.839076,11.046298,34.98
208,948,568,41.414489,17.487060,11.399168,29.00
209,1004,573,41.350490,18.133615,11.538384,19.03
210,44,487,42.350612,7.004586,18.269672,37.48
211,101,487,42.354963,7.668177,17.815615,32.23
212,158,487,42.354963,8.331821,18.058479,29.16
213,215,487,42.350612,8.995413,26.280912,24.24
214,273,488,42.341910,9.658848,20.296051,22.83
215,330,489,42.328861,10.322022,20.990168,22.96
216,387,490,42.311468,10.984832,18.749123,27.73
217,444,492,42.289734,11.647172,17.150923,39.62
218,501,495,42.263667,12.308940,19.633043,47.14
219,558,497,42.233272,12.970034,19.821020,44.52
220,615,500,42.198559,13.630351,25.331219,25.13
221,672,504,42.159535,14.289790,15.914860,15.45
222,729,507,42.116212,14.948250,10.741638,30.50
223,786,511,42.068600,15.605632,10.005797,57.36
224,843,516,42.016712,16.261837,13.320116,44.24
225,899,521,41.960561,16.916767,11.603012,42.83
226,955,526,41.900163,17.570326,10.757721,37.86
227,1012,531,41.835532,18.222419,10.940325,23.06
228,43,445,42.841242,6.995675,20.133255,28.99
229,101,444,42.845637,7.665207,18.422586,23.97
230,158,444,42.845637,8.334792,21.436251,24.94
231,216,445,42.841242,9.004324,24.202730,24.20
232,274,445,42.832453,9.673694,22.450624,25.21
233,332,447,42.819274,10.342797,19.963774,24.16
234,389,448,42.801707,11.011524,18.032219,32.47
235,447,450,42.779756,11.679771,22.526131,41.16
236,505,452,42.753429,12.347429,22.656456,42.85
237,562,455,42.722731,13.014395,22.897175,38.46
238,620,458,42.687671,13.680564,22.002613,31.21
239,677,461,42.648259,14.345830,12.659552,26.26
240,734,465,42.604504,15.010092,11.471009,33.42
241,792,469,42.556419,15.673246,11.782217,60.02
242,849,474,42.504015,16.335192,13.023769,50.03
243,906,479,42.447308,16.995829,10.476926,47.01
244,963,484,42.386311,17.655059,11.896729,30.90
245,1020,490,42.321041,18.312784,11.852558,20.96
246,42,402,43.332365,6.986604,21.909252,24.84
247,100,402,43.336804,7.662183,21.627533,15.71
248,159,402,43.336804,8.337816,19.512587,25.29
249,217,402,43.332365,9.013395,22.995785,26.85
250,275,403,43.323489,9.688808,23.044464,30.99
251,333,404,43.310177,10.363946,22.428493,30.73
252,392,406,43.292434,11.038698,18.125866,34.21
253,450,408,43.270264,11.712957,19.638176,36.35
254,508,410,43.243673,12.386611,23.875864,43.37
255,566,413,43.212669,13.059554,26.093250,34.38
256,624,416,43.177259,13.731678,21.473135,32.92
257,682,419,43.137453,14.402875,14.749325,36.99
258,740,423,43.093262,15.073041,9.588184,62.06
259,798,427,43.044698,15.742069,15.361663,50.30
260,855,432,42.991774,16.409856,11.323938,49.00
261,913,437,42.934503,17.076299,12.000331,31.85
262,970,442,42.872901,17.741297,13.613928,25.47
263,1027,448,42.806984,18.404750,11.242946,12.96
264,41,360,43.823949,6.977368,18.630857,22.48
265,100,359,43.828433,7.659103,18.318653,24.22
266,159,359,43.828433,8.340896,16.566431,30.81
267,218,360,43.823949,9.022631,15.863073,33.50
268,277,361,43.814984,9.704197,18.071632,38.87
269,335,362,43.801539,10.385480,21.628485,33.93
270,394,363,43.783618,11.066367,19.498962,44.22
271,453,365,43.761226,11.746746,21.079672,42.23
272,512,368,43.734369,12.426505,24.124395,38.91
273,570,370,43.703054,13.105533,22.404619,37.52
274,629,373,43.667290,13.783719,18.436636,37.26
275,687,377,43.627087,14.460953,16.679882,37.53
276,745,381,43.582455,15.137127,13.653076,52.71
277,804,385,43.533406,15.812133,16.046392,40.89
278,862,390,43.479955,16.485864,14.030625,40.19
279,920,395,43.422114,17.158215,13.537809,34.10
280,978,400,43.359900,17.829081,13.258805,27.14
281,1036,406,43.293329,18.498361,12.750508,21.14
282,40,317,44.315964,6.967961,17.794430,17.94
283,100,317,44.320492,7.655967,19.865339,18.55
284,159,317,44.320492,8.344032,16.910894,30.88
285,219,317,44.315964,9.032038,14.844019,36.86
286,278,318,44.306908,9.719869,18.565811,50.17
287,337,319,44.293328,10.407410,27.341179,47.28
288,397,321,44.275227,11.094544,23.234964,49.72
289,456,323,44.252610,11.781156,21.069033,49.31
290,515,325,44.225484,12.467130,18.256634,40.90
291,574,328,44.193855,13.152353,15.107918,40.08
292,633,331,44.157733,13.836711,14.583184,49.13
293,692,335,44.117127,14.520091,14.797005,58.35
294,751,338,44.072049,15.202381,14.713207,54.74
295,810,343,44.022511,15.883472,16.549328,44.84
296,869,347,43.968525,16.563252,17.196339,42.53
297,927,352,43.910108,17.241614,19.199038,35.44
298,986,358,43.847275,17.918452,11.451136,29.28
299,40,275,44.808376,6.958380,15.311424,17.42
300,99,275,44.812950,7.652773,16.057989,24.10
301,159,275,44.812950,8.347226,17.652601,37.25
302,219,275,44.808376,9.041619,16.694365,36.33
303,279,276,44.799229,9.735832,15.090323,31.18
304,339,277,44.785512,10.429747,21.106720,44.56
305,399,278,44.767229,11.123243,19.872105,46.65
306,459,280,44.744385,11.816203,21.959978,42.41
307,519,283,44.716986,12.508507,20.742874,39.77
308,578,286,44.685040,13.200039,16.144756,48.40
309,638,289,44.648555,13.890682,16.311729,53.02
310,697,292,44.607542,14.580319,16.459627,55.71
311,757,296,44.562012,15.268837,20.941978,52.05
312,816,300,44.511978,15.956120,23.162113,47.52
313,875,305,44.457454,16.642058,22.854433,39.66
314,934,310,44.398453,17.326539,16.290230,29.14
315,993,316,44.334994,18.009453,2.843704,32.65
316,39,232,45.301153,6.948619,7.097957,-8.65
317,99,232,45.305773,7.649519,8.043346,41.24
318,160,232,45.305773,8.350480,14.212812,52.74
319,220,232,45.301153,9.051380,16.175652,43.42
320,281,233,45.291914,9.752095,14.396174,42.83
321,341,234,45.278059,10.452502,14.001679,40.05
322,402,236,45.259591,11.152480,18.718943,43.29
323,462,238,45.236517,11.851905,16.796267,49.21
324,522,240,45.208842,12.550657,19.511705,49.99
325,582,243,45.176574,13.248614,16.715294,42.59
326,643,246,45.139723,13.945657,17.152641,51.80
327,703,250,45.098298,14.641667,17.522596,50.90
328,763,254,45.052311,15.336525,23.586897,45.83
329,823,258,45.001776,16.030115,19.679611,38.34
330,882,263,44.946705,16.722322,15.232594,26.56
331,942,268,44.887115,17.413031,11.059184,25.43
332,1001,274,44.823022,18.102129,10.597034,47.38
333,38,190,45.794262,6.938674,12.596857,10.92
334,99,189,45.798929,7.646203,10.241237,-3.30
335,160,189,45.798929,8.353796,9.631393,56.72
336,221,190,45.794262,9.061325,13.962142,54.96
337,282,191,45.784930,9.768664,14.540730,47.81
338,343,192,45.770934,10.475687,15.670046,46.76
339,404,193,45.752281,11.182268,16.785704,49.33
340,465,195,45.728973,11.888281,16.815170,45.75
341,526,198,45.701019,12.593601,17.136019,51.15
342,587,201,45.668426,13.298104,15.605885,46.06
343,647,204,45.631204,14.001667,18.761868,50.16
344,708,208,45.589362,14.704167,21.649578,48.80
345,769,212,45.542913,15.405482,19.624870,44.53
346,829,216,45.491870,16.105494,19.548931,35.84
347,889,221,45.436247,16.804084,16.834385,26.23
348,949,226,45.376060,17.501133,13.932496,21.57
349,1010,232,45.311326,18.196527,9.772535,27.08
350,37,147,46.287670,6.928539,5.645083,-5.53
351,99,147,46.292384,7.642824,11.273806,21.19
352,160,147,46.292384,8.357175,7.080543,15.88
353,222,147,46.287670,9.071460,10.171116,62.89
354,284,148,46.278243,9.785550,14.329148,62.56
355,345,149,46.264106,10.499315,16.710604,54.38
356,407,151,46.245263,11.212625,18.704208,55.22
357,468,153,46.221720,11.925350,16.272264,53.82
358,530,155,46.193484,12.637363,15.731648,53.02
359,591,158,46.160561,13.348535,14.058997,56.33
360,652,161,46.122963,14.058739,18.845716,49.29
361,714,165,46.080699,14.767850,20.310213,47.56
362,775,169,46.033783,15.475744,19.274033,36.16
363,836,174,45.982226,16.182296,17.430624,27.90
364,897,178,45.926044,16.887385,16.377918,20.67
365,957,184,45.865253,17.590891,13.995858,17.19
366,1018,189,45.799870,18.292694,13.380900,19.15
367,36,105,46.781342,6.918208,12.966893,34.13
368,98,104,46.786104,7.639380,10.882943,37.05
369,161,104,46.786104,8.360619,13.831403,27.74
370,223,105,46.781342,9.081791,9.786255,18.96
371,285,105,46.771820,9.802762,7.190418,43.42
372,347,107,46.757540,10.523398,14.104992,75.54
373,409,108,46.738506,11.243565,16.406687,68.43
374,472,110,46.714724,11.963132,17.913225,60.77
375,534,113,46.686201,12.681965,18.926664,63.06
376,596,116,46.652946,13.399932,17.473797,52.37
377,657,119,46.614967,14.116905,17.883368,49.06
378,719,123,46.572277,14.832752,20.747297,39.44
379,781,127,46.524886,15.547347,20.747337,32.89
380,842,131,46.472810,16.260561,17.495291,26.96
381,904,136,46.416062,16.972271,15.647998,24.60
382,965,141,46.354660,17.682351,13.505866,18.83
383,1026,147,46.288621,18.390681,14.343013,6.74
384,35,62,47.275246,6.907676,15.812984,34.47
385,98,62,47.280056,7.635869,15.751739,33.31
386,161,62,47.280056,8.364130,17.044895,32.92
387,224,62,47.275246,9.092323,18.338055,24.60
388,287,63,47.265626,9.820308,15.513524,10.70
389,349,64,47.251201,10.547949,5.921786,-0.49
390,412,66,47.231974,11.275108,7.417228,66.69
391,475,68,47.207951,12.001647,14.256596,58.45
392,537,70,47.179138,12.727432,20.041679,61.36
393,600,73,47.145545,13.452326,22.615999,59.21
394,663,77,47.107182,14.176196,20.921520,53.00
395,725,80,47.064059,14.898907,17.872990,45.49
396,787,84,47.016189,15.620330,15.996752,35.32
397,849,89,46.963586,16.340332,14.282878,28.82
398,911,94,46.906266,17.058785,15.253898,20.64
399,973,99,46.844245,17.775563,14.774348,15.17
400,1035,105,46.777541,18.490539,16.074041,11.46
401,34,19,47.769345,6.896937,17.182297,25.82
402,98,19,47.774205,7.632288,17.380001,36.57
403,161,19,47.774205,8.367711,18.445488,39.13
404,225,19,47.769345,9.103062,20.862097,31.09
405,288,20,47.759628,9.838200,18.577236,21.02
406,352,21,47.745056,10.572983,20.439877,9.63
407,415,23,47.725632,11.307269,17.686783,8.68
408,478,25,47.701364,12.040918,1.825287,-3.46
409,541,28,47.672259,12.773790,7.817309,67.95
410,605,31,47.638324,13.505744,12.249721,67.61
411,668,34,47.599571,14.236644,14.384161,54.43
412,731,38,47.556010,14.966352,13.035076,40.10
413,794,42,47.507655,15.694733,14.357552,27.78
414,856,47,47.454520,16.421652,15.509232,24.04
415,919,52,47.396620,17.146976,16.444757,24.41
416,981,57,47.333973,17.870576,16.567165,14.93
417,800,0,47.999249,15.770598,11.756609,28.12
418,863,4,47.945575,16.504566,11.360471,25.46
419,927,9,47.887088,17.236892,12.298286,25.85
420,990,15,47.823807,17.967443,12.405127,16.78
