vector_id,pixel_x,pixel_y,latitude,longitude,magnitude,alpha_deg
0,73,2326,44.521181,11.108828,27.087639,53.10
1,303,2333,44.510383,11.453787,26.745977,52.00
2,82,2161,44.767229,11.123243,27.594563,52.63
3,314,2169,44.756377,11.469798,27.418970,49.83
4,546,2177,44.744385,11.816203,27.610168,48.44
5,777,2185,44.731254,12.162444,26.789858,46.75
6,1009,2195,44.716986,12.508507,26.223703,44.38
7,1240,2205,44.701581,12.854377,25.481440,43.71
8,1471,2216,44.685040,13.200039,23.533962,44.55
9,1702,2228,44.667364,13.545479,22.524679,46.05
10,1933,2241,44.648555,13.890682,20.541601,46.30
11,2164,2254,44.628614,14.235633,20.443531,40.90
12,2395,2268,44.607542,14.580319,19.052309,44.53
13,2625,2283,44.585341,14.924725,14.033693,35.19
14,92,1997,45.013367,11.137794,27.915777,50.42
15,325,2004,45.002461,11.485958,27.926628,49.46
16,558,2012,44.990408,11.833971,28.561630,48.28
17,790,2021,44.977212,12.181818,27.774002,46.36
18,1023,2030,44.962872,12.529484,27.242952,44.80
19,1255,2041,44.947389,12.876954,25.624195,45.09
20,1488,2052,44.930765,13.224214,23.709124,44.63
21,1720,2064,44.913001,13.571248,22.665697,46.39
22,1952,2076,44.894098,13.918042,21.627893,46.00
23,2183,2090,44.874057,14.264581,21.208105,42.27
24,2415,2104,44.852880,14.610851,19.673042,44.35
25,2646,2119,44.830567,14.956837,14.712861,41.37
26,102,1832,45.259591,11.152480,27.417864,51.53
27,336,1839,45.248630,11.502269,27.883499,49.87
28,570,1847,45.236517,11.851905,28.051296,49.23
29,803,1856,45.223254,12.201373,27.134371,47.49
30,1037,1866,45.208842,12.550657,26.312906,45.77
31,1271,1876,45.193282,12.899742,24.917799,44.25
32,1504,1888,45.176574,13.248614,23.373915,42.70
33,1737,1899,45.158721,13.597258,22.674212,45.05
34,1970,1912,45.139723,13.945657,23.120495,47.59
35,2203,1926,45.119581,14.293799,22.565588,44.62
36,2436,1940,45.098298,14.641667,20.661182,46.54
37,2668,1955,45.075874,14.989247,14.131496,38.62
38,112,1667,45.505897,11.167304,28.188820,56.71
39,347,1675,45.494880,11.518734,27.441431,52.54
40,582,1683,45.482707,11.870008,26.991709,50.92
41,817,1692,45.469377,12.221111,26.245588,50.22
42,1051,1701,45.454893,12.572028,25.951656,47.22
43,1286,1712,45.439254,12.922744,25.501186,45.83
44,1520,1723,45.422463,13.273243,23.545614,46.38
45,1755,1735,45.404520,13.623511,22.891735,47.14
46,1989,1748,45.385426,13.973531,23.744873,49.02
47,2223,1761,45.365184,14.323289,22.903706,47.37
48,2456,1776,45.343794,14.672771,18.690962,47.59
49,122,1502,45.752281,11.182268,29.359257,59.22
50,358,1510,45.741208,11.535353,28.394011,55.30
51,594,1518,45.728973,11.888281,27.878099,54.21
52,830,1527,45.715577,12.241036,27.320869,53.04
53,1066,1537,45.701019,12.593601,26.449554,49.21
54,1301,1547,45.685302,12.945963,25.232922,48.10
55,1537,1559,45.668426,13.298104,23.398790,49.73
56,1772,1571,45.650393,13.650011,22.957287,49.99
57,2008,1583,45.631204,14.001667,23.537203,51.86
58,2243,1597,45.610859,14.353057,21.579639,51.13
59,2477,1611,45.589362,14.704167,19.613129,55.02
60,132,1338,45.998737,11.197374,30.402056,62.87
61,369,1345,45.987609,11.552131,29.331472,59.79
62,606,1353,45.975313,11.906728,29.700134,56.14
63,843,1362,45.961848,12.261149,27.840357,56.34
64,1080,1372,45.947218,12.615378,25.629515,52.98
65,1317,1383,45.931421,12.969401,24.547033,51.72
66,1554,1394,45.914461,13.323200,22.329809,53.71
67,1790,1406,45.896337,13.676761,22.185211,52.12
68,2027,1419,45.877051,14.030068,21.958128,52.26
69,2263,1433,45.856604,14.383106,21.690580,53.94
70,2499,1447,45.834999,14.735858,21.510967,55.97
71,142,1173,46.245263,11.212625,31.438452,62.21
72,381,1180,46.234079,11.569068,30.307615,60.10
73,619,1189,46.221720,11.925350,29.963717,57.68
74,857,1198,46.208188,12.281453,28.148197,59.87
75,1095,1207,46.193484,12.637363,25.481970,57.09
76,1333,1218,46.177608,12.993062,24.327574,57.27
77,1571,1229,46.160561,13.348535,22.167204,56.17
78,1808,1242,46.142346,13.703766,21.519928,52.38
79,2046,1255,46.122963,14.058739,22.153917,52.85
80,2283,1268,46.102414,14.413439,22.109308,56.51
81,2520,1283,46.080699,14.767850,21.339468,56.19
82,153,1008,46.491854,11.228021,32.101791,61.93
83,392,1015,46.480614,11.586168,31.863060,61.62
84,631,1024,46.468192,11.944151,30.259346,59.25
85,871,1033,46.454592,12.301952,28.280327,61.11
86,1110,1043,46.439813,12.659557,26.189539,59.38
87,1349,1053,46.423857,13.016949,24.653553,60.77
88,1588,1065,46.406725,13.374111,21.216467,57.54
89,1827,1077,46.388418,13.731028,19.263441,50.55
90,2065,1090,46.368937,14.087683,21.203138,47.99
91,2303,1104,46.348284,14.444062,20.680780,49.62
92,2542,1118,46.326460,14.800147,20.067293,48.89
93,163,843,46.738506,11.243565,33.333282,65.07
94,404,850,46.727208,11.603432,31.701529,61.88
95,644,859,46.714724,11.963132,30.063532,62.79
96,885,868,46.701055,12.322648,29.164557,61.84
97,1125,878,46.686201,12.681965,26.547304,58.10
98,1365,889,46.670165,13.041065,23.441616,60.08
99,1605,900,46.652946,13.399932,22.137302,57.44
100,1845,912,46.634546,13.758551,23.615341,54.17
101,2085,926,46.614967,14.116905,22.465223,55.49
102,2324,939,46.594210,14.474977,22.089685,55.90
103,2563,954,46.572277,14.832752,21.299458,57.55
104,173,678,46.985214,11.259260,28.897797,61.10
105,415,685,46.973859,11.620863,31.389198,61.53
106,657,694,46.961312,11.982297,33.100830,57.95
107,899,703,46.947573,12.343544,28.952560,59.35
108,1140,713,46.932645,12.704589,28.052444,59.32
109,1381,724,46.916527,13.065414,25.344362,58.30
110,1623,735,46.899221,13.426003,23.914118,56.34
111,1864,748,46.880728,13.786340,22.863976,52.73
112,2104,761,46.861050,14.146408,21.795446,51.04
113,2345,775,46.840188,14.506190,20.589626,50.66
114,2585,790,46.818144,14.865671,20.790136,48.54
115,184,513,47.231974,11.275108,31.782272,60.79
116,427,520,47.220561,11.638463,28.875578,63.58
117,670,529,47.207951,12.001647,27.355507,58.00
118,913,538,47.194142,12.364642,25.317377,54.79
119,1155,548,47.179138,12.727432,19.834221,50.76
120,1398,559,47.162939,13.089999,18.572966,52.35
121,1640,571,47.145545,13.452326,19.447176,52.89
122,1882,583,47.126959,13.814397,19.967310,52.78
123,2124,596,47.107182,14.176196,20.147259,54.67
124,2366,610,47.086214,14.537705,18.938885,52.97
125,2608,625,47.064059,14.898907,19.243254,58.39
126,195,348,47.478782,11.291110,31.546835,61.56
127,439,355,47.467311,11.656236,30.804955,58.71
128,683,364,47.454636,12.021187,29.691761,60.37
129,927,373,47.440758,12.385947,30.809584,61.80
130,1171,383,47.425678,12.750498,27.119587,62.16
131,1414,394,47.409396,13.114823,21.634594,63.24
132,1658,406,47.391914,13.478905,20.932510,60.37
133,1901,418,47.373234,13.842728,20.447376,62.26
134,2144,432,47.353357,14.206273,19.043646,58.38
135,2387,446,47.332283,14.569525,19.066282,53.55
136,2630,461,47.310015,14.932466,23.111267,57.48
137,206,183,47.725632,11.307269,33.724445,61.09
138,451,190,47.714104,11.674182,31.798958,59.50
139,696,199,47.701364,12.040918,29.728306,59.60
140,941,208,47.687416,12.407460,30.070927,58.95
141,1186,218,47.672259,12.773790,28.466799,63.58
142,1431,229,47.655895,13.139890,24.277794,61.54
143,1676,241,47.638324,13.505744,22.926441,63.62
144,1920,254,47.619549,13.871335,22.558855,60.75
145,2165,267,47.599571,14.236644,21.586843,58.67
146,2409,281,47.578391,14.601656,25.974396,60.09
147,2653,296,47.556010,14.966352,26.611305,54.67
148,216,18,47.972522,11.323588,34.971706,61.61
149,463,25,47.960935,11.692305,33.585293,60.92
150,709,34,47.948131,12.060844,31.705887,59.69
151,956,43,47.934111,12.429185,29.328287,59.05
152,1202,53,47.918877,12.797311,29.593288,59.95
153,1448,64,47.902430,13.165204,26.534698,55.83
154,1694,76,47.884770,13.532847,24.218948,56.81
155,1940,89,47.865900,13.900223,25.133282,59.09
156,2185,102,47.845820,14.267314,26.744135,60.58
157,2430,117,47.824533,14.634102,29.297941,59.61
