vector_id,pixel_x,pixel_y,latitude,longitude,magnitude,alpha_deg
0,73,2326,44.521181,11.108828,17.721230,-28.95
1,303,2333,44.510383,11.453787,17.242813,-19.57
2,82,2161,44.767229,11.123243,18.098289,-28.62
3,314,2169,44.756377,11.469798,18.006308,-24.78
4,546,2177,44.744385,11.816203,18.281559,-17.35
5,777,2185,44.731254,12.162444,17.371490,-17.27
6,1009,2195,44.716986,12.508507,15.639967,-19.02
7,1240,2205,44.701581,12.854377,16.330231,-20.60
8,1471,2216,44.685040,13.200039,16.468241,-24.99
9,1702,2228,44.667364,13.545479,17.504141,-28.47
10,1933,2241,44.648555,13.890682,17.439384,-32.64
11,2164,2254,44.628614,14.235633,17.519125,-36.93
12,2395,2268,44.607542,14.580319,18.193462,-43.28
13,2625,2283,44.585341,14.924725,20.566509,-48.59
14,92,1997,45.013367,11.137794,18.853203,-29.51
15,325,2004,45.002461,11.485958,18.560989,-29.29
16,558,2012,44.990408,11.833971,18.011469,-24.98
17,790,2021,44.977212,12.181818,17.668245,-18.98
18,1023,2030,44.962872,12.529484,16.956709,-16.87
19,1255,2041,44.947389,12.876954,17.062902,-18.22
20,1488,2052,44.930765,13.224214,16.883301,-20.75
21,1720,2064,44.913001,13.571248,17.694265,-24.61
22,1952,2076,44.894098,13.918042,18.438911,-28.35
23,2183,2090,44.874057,14.264581,18.677607,-30.66
24,2415,2104,44.852880,14.610851,18.575691,-36.53
25,2646,2119,44.830567,14.956837,20.217552,-43.74
26,102,1832,45.259591,11.152480,19.691761,-28.24
27,336,1839,45.248630,11.502269,18.196514,-28.13
28,570,1847,45.236517,11.851905,17.883499,-28.56
29,803,1856,45.223254,12.201373,18.394745,-24.42
30,1037,1866,45.208842,12.550657,18.248590,-21.41
31,1271,1876,45.193282,12.899742,18.523781,-19.43
32,1504,1888,45.176574,13.248614,17.432493,-19.35
33,1737,1899,45.158721,13.597258,18.072283,-21.73
34,1970,1912,45.139723,13.945657,18.881531,-24.74
35,2203,1926,45.119581,14.293799,19.374634,-26.97
36,2436,1940,45.098298,14.641667,19.128571,-30.47
37,2668,1955,45.075874,14.989247,20.313429,-38.73
38,112,1667,45.505897,11.167304,20.664295,-24.98
39,347,1675,45.494880,11.518734,19.495478,-25.82
40,582,1683,45.482707,11.870008,19.925695,-27.40
41,817,1692,45.469377,12.221111,19.934368,-24.84
42,1051,1701,45.454893,12.572028,20.479155,-21.98
43,1286,1712,45.439254,12.922744,19.215227,-19.35
44,1520,1723,45.422463,13.273243,18.323578,-19.15
45,1755,1735,45.404520,13.623511,18.093624,-20.50
46,1989,1748,45.385426,13.973531,19.564367,-21.76
47,2223,1761,45.365184,14.323289,20.235640,-22.98
48,2456,1776,45.343794,14.672771,19.471392,-28.39
49,122,1502,45.752281,11.182268,22.434343,-21.92
50,358,1510,45.741208,11.535353,21.779909,-23.11
51,594,1518,45.728973,11.888281,20.632309,-23.86
52,830,1527,45.715577,12.241036,20.034185,-21.58
53,1066,1537,45.701019,12.593601,20.330669,-20.28
54,1301,1547,45.685302,12.945963,20.389387,-18.55
55,1537,1559,45.668426,13.298104,19.174923,-20.43
56,1772,1571,45.650393,13.650011,18.410366,-19.36
57,2008,1583,45.631204,14.001667,19.689449,-20.60
58,2243,1597,45.610859,14.353057,20.332201,-21.70
59,2477,1611,45.589362,14.704167,19.398401,-27.62
60,132,1338,45.998737,11.197374,23.510559,-19.41
61,369,1345,45.987609,11.552131,22.124899,-18.41
62,606,1353,45.975313,11.906728,21.502064,-20.72
63,843,1362,45.961848,12.261149,20.239990,-20.73
64,1080,1372,45.947218,12.615378,20.110823,-20.06
65,1317,1383,45.931421,12.969401,20.545057,-17.53
66,1554,1394,45.914461,13.323200,20.096092,-15.22
67,1790,1406,45.896337,13.676761,20.404005,-17.57
68,2027,1419,45.877051,14.030068,19.930182,-20.16
69,2263,1433,45.856604,14.383106,20.121233,-24.22
70,2499,1447,45.834999,14.735858,19.375908,-26.58
71,142,1173,46.245263,11.212625,24.850189,-17.68
72,381,1180,46.234079,11.569068,23.432701,-18.71
73,619,1189,46.221720,11.925350,22.039062,-19.05
74,857,1198,46.208188,12.281453,21.655325,-19.98
75,1095,1207,46.193484,12.637363,20.973854,-17.42
76,1333,1218,46.177608,12.993062,20.775225,-14.96
77,1571,1229,46.160561,13.348535,20.833725,-14.92
78,1808,1242,46.142346,13.703766,20.760370,-15.65
79,2046,1255,46.122963,14.058739,20.617439,-18.68
80,2283,1268,46.102414,14.413439,20.107283,-21.32
81,2520,1283,46.080699,14.767850,20.239880,-25.36
82,153,1008,46.491854,11.228021,25.569805,-17.58
83,392,1015,46.480614,11.586168,24.402384,-17.94
84,631,1024,46.468192,11.944151,23.956528,-19.71
85,871,1033,46.454592,12.301952,22.154221,-18.14
86,1110,1043,46.439813,12.659557,21.459513,-15.37
87,1349,1053,46.423857,13.016949,21.318451,-15.81
88,1588,1065,46.406725,13.374111,20.794771,-12.10
89,1827,1077,46.388418,13.731028,20.848915,-11.74
90,2065,1090,46.368937,14.087683,20.958879,-14.50
91,2303,1104,46.348284,14.444062,20.298338,-17.58
92,2542,1118,46.326460,14.800147,19.870562,-23.15
93,163,843,46.738506,11.243565,25.452627,-17.18
94,404,850,46.727208,11.603432,25.290529,-18.70
95,644,859,46.714724,11.963132,24.114662,-18.75
96,885,868,46.701055,12.322648,23.327503,-18.88
97,1125,878,46.686201,12.681965,22.239275,-14.27
98,1365,889,46.670165,13.041065,21.947678,-14.86
99,1605,900,46.652946,13.399932,21.312212,-9.30
100,1845,912,46.634546,13.758551,21.318111,-7.14
101,2085,926,46.614967,14.116905,21.579966,-9.35
102,2324,939,46.594210,14.474977,20.467731,-12.89
103,2563,954,46.572277,14.832752,19.407751,-17.68
104,173,678,46.985214,11.259260,26.346745,-16.38
105,415,685,46.973859,11.620863,25.442904,-18.86
106,657,694,46.961312,11.982297,24.647049,-20.45
107,899,703,46.947573,12.343544,22.993839,-15.16
108,1140,713,46.932645,12.704589,22.108946,-13.10
109,1381,724,46.916527,13.065414,22.604885,-11.96
110,1623,735,46.899221,13.426003,22.293789,-6.45
111,1864,748,46.880728,13.786340,22.000357,-4.45
112,2104,761,46.861050,14.146408,22.306347,-5.76
113,2345,775,46.840188,14.506190,21.071890,-12.76
114,2585,790,46.818144,14.865671,20.135489,-17.99
115,184,513,47.231974,11.275108,26.671152,-16.31
116,427,520,47.220561,11.638463,25.513956,-17.62
117,670,529,47.207951,12.001647,24.438244,-18.94
118,913,538,47.194142,12.364642,23.724146,-16.08
119,1155,548,47.179138,12.727432,23.320469,-12.18
120,1398,559,47.162939,13.089999,23.368387,-11.79
121,1640,571,47.145545,13.452326,23.587175,-9.63
122,1882,583,47.126959,13.814397,23.153902,-4.74
123,2124,596,47.107182,14.176196,22.377213,-3.54
124,2366,610,47.086214,14.537705,19.832878,-10.96
125,2608,625,47.064059,14.898907,20.483631,-16.98
126,195,348,47.478782,11.291110,26.861366,-17.50
127,439,355,47.467311,11.656236,26.315445,-19.30
128,683,364,47.454636,12.021187,25.160395,-18.09
129,927,373,47.440758,12.385947,24.262007,-16.23
130,1171,383,47.425678,12.750498,23.569391,-11.76
131,1414,394,47.409396,13.114823,23.572453,-6.17
132,1658,406,47.391914,13.478905,23.828953,-7.67
133,1901,418,47.373234,13.842728,23.690613,-3.92
134,2144,432,47.353357,14.206273,23.960741,-2.60
135,2387,446,47.332283,14.569525,22.701443,-10.32
136,2630,461,47.310015,14.932466,21.573549,-15.86
137,206,183,47.725632,11.307269,27.908476,-18.03
138,451,190,47.714104,11.674182,26.857134,-17.90
139,696,199,47.701364,12.040918,25.423254,-16.51
140,941,208,47.687416,12.407460,24.513376,-14.84
141,1186,218,47.672259,12.773790,23.953503,-10.20
142,1431,229,47.655895,13.139890,24.150692,-8.34
143,1676,241,47.638324,13.505744,24.581791,-5.29
144,1920,254,47.619549,13.871335,24.733202,-3.89
145,2165,267,47.599571,14.236644,23.608040,-6.51
146,2409,281,47.578391,14.601656,23.405548,-8.39
147,2653,296,47.556010,14.966352,21.394770,-14.52
148,216,18,47.972522,11.323588,28.821865,-16.89
149,463,25,47.960935,11.692305,27.125832,-16.28
150,709,34,47.948131,12.060844,25.833670,-15.15
151,956,43,47.934111,12.429185,24.667078,-12.35
152,1202,53,47.918877,12.797311,24.431807,-7.97
153,1448,64,47.902430,13.165204,24.503670,-5.86
154,1694,76,47.884770,13.532847,25.189724,-5.43
155,1940,89,47.865900,13.900223,25.070333,-3.77
156,2185,102,47.845820,14.267314,23.559771,-8.27
157,2430,117,47.824533,14.634102,22.468882,-8.97
