vector_id,pixel_x,pixel_y,latitude,longitude,magnitude,alpha_deg
0,0,992,36.504607,6.500736,2.329639,28.83
1,52,991,36.512337,7.100364,3.466612,0.10
2,104,991,36.516202,7.700108,2.226898,10.55
3,155,991,36.516202,8.299891,3.939873,-12.30
4,207,991,36.512337,8.899635,2.509589,15.96
5,259,992,36.504607,9.499263,3.914587,4.38
6,51,949,36.994759,7.093092,10.588258,-8.15
7,103,949,36.998662,7.697684,7.878248,6.29
8,156,949,36.998662,8.302315,10.060309,4.92
9,208,949,36.994759,8.906907,7.096741,7.07
10,260,950,36.986953,9.511380,4.740630,-3.21
11,312,951,36.975246,10.115655,8.119302,12.15
12,364,952,36.959642,10.719655,10.626832,17.01
13,416,954,36.940143,11.323300,10.865541,0.55
14,468,956,36.916755,11.926512,13.839821,4.21
15,520,958,36.889483,12.529213,11.373425,5.45
16,572,961,36.858333,13.131326,11.881365,-20.77
17,624,964,36.823313,13.732773,6.964487,-40.20
18,676,967,36.784431,14.333479,10.973597,5.20
19,728,971,36.741697,14.933367,11.397918,59.73
20,780,975,36.695120,15.532361,15.164639,70.71
21,831,980,36.644711,16.130388,15.507306,76.07
22,883,984,36.590482,16.727372,14.675974,73.10
23,934,989,36.532447,17.323242,13.613929,68.60
24,51,908,37.478018,7.085702,9.241566,-18.01
25,103,907,37.481960,7.695220,9.652175,-16.88
26,156,907,37.481960,8.304779,9.067602,-22.02
27,208,908,37.478018,8.914297,10.671663,-13.55
28,261,908,37.470135,9.523694,11.974609,-19.00
29,314,909,37.458313,10.132888,12.388980,-23.83
30,366,911,37.442554,10.741800,14.224030,-12.08
31,419,912,37.422863,11.350348,14.232285,-4.65
32,471,914,37.399244,11.958453,15.097704,3.52
33,524,917,37.371703,12.566034,15.024969,3.62
34,576,919,37.340247,13.173013,8.868490,11.76
35,628,923,37.304882,13.779310,2.245811,-8.44
36,681,926,37.265618,14.384847,3.331992,11.56
37,733,930,37.222464,14.989545,5.505729,42.45
38,785,934,37.175430,15.593329,13.668013,56.98
39,837,938,37.124526,16.196122,15.239834,71.53
40,889,943,37.069766,16.797847,15.097535,72.11
41,941,948,37.011162,17.398431,14.189445,67.85
42,992,953,36.948729,17.997799,13.154910,68.91
43,50,866,37.962086,7.078190,9.151793,-6.84
44,103,865,37.966067,7.692716,9.005513,-10.58
45,156,865,37.966067,8.307283,7.968714,-28.05
46,209,866,37.962087,8.921809,8.790222,-17.71
47,262,866,37.954126,9.536210,12.121530,-12.74
48,315,868,37.942187,10.150404,13.483744,-13.32
49,368,869,37.926273,10.764308,14.283944,-6.74
50,421,871,37.906387,11.377840,14.483068,-3.76
51,474,873,37.882536,11.990917,14.489637,5.18
52,527,875,37.854723,12.603458,7.457252,16.79
53,580,878,37.822957,13.215381,5.317772,47.00
54,632,881,37.787244,13.826606,3.490926,65.37
55,685,884,37.747593,14.437052,2.917782,15.88
56,738,888,37.704015,15.046639,6.090916,39.94
57,790,892,37.656518,15.655289,9.905738,55.38
58,843,897,37.605115,16.262924,14.571250,59.26
59,895,901,37.549818,16.869465,15.300908,67.43
60,947,906,37.490640,17.474836,14.501762,68.57
61,999,912,37.427595,18.078962,13.739864,69.90
62,49,824,38.446939,7.070554,9.025745,-5.75
63,103,824,38.450959,7.690170,5.108661,-1.76
64,156,824,38.450959,8.309829,7.620871,-17.00
65,210,824,38.446939,8.929445,9.512206,-21.29
66,263,825,38.438899,9.548934,12.328630,-21.76
67,317,826,38.426842,10.168210,13.188829,-15.38
68,370,827,38.410771,10.787189,14.225748,-14.19
69,423,829,38.390689,11.405787,15.190188,1.29
70,477,831,38.366602,12.023918,15.446852,11.77
71,530,833,38.338515,12.641500,17.007755,20.60
72,583,836,38.306435,13.258449,15.897213,29.36
73,637,839,38.270370,13.874681,12.378115,44.76
74,690,843,38.230329,14.490116,8.857152,51.00
75,743,846,38.186321,15.104671,2.429341,11.49
76,796,851,38.138358,15.718265,4.013768,83.35
77,848,855,38.086450,16.330818,15.082677,54.75
78,901,860,38.030610,16.942252,14.679017,55.52
79,954,865,37.970852,17.552486,14.709645,66.92
80,1006,871,37.907190,18.161445,14.333822,71.97
81,49,782,38.932547,7.062790,3.494933,24.10
82,102,782,38.936607,7.687582,5.725025,-13.19
83,156,782,38.936607,8.312417,9.160366,-28.30
84,210,782,38.932547,8.937209,4.491653,-7.14
85,264,783,38.924428,9.561870,12.390092,-13.54
86,318,784,38.912252,10.186313,13.894295,-8.86
87,372,785,38.896022,10.810452,14.713391,-8.03
88,426,787,38.875741,11.434199,15.649206,-2.56
89,480,789,38.851416,12.057469,17.036102,2.69
90,533,791,38.823051,12.680175,15.292887,9.33
91,587,794,38.790655,13.302232,16.026752,20.46
92,641,797,38.754234,13.923555,18.796564,26.48
93,694,801,38.713798,14.544060,11.415027,46.83
94,748,805,38.669357,15.163663,10.124836,48.55
95,801,809,38.620921,15.782282,10.019397,65.21
96,854,813,38.568503,16.399834,3.056054,40.38
97,908,818,38.512115,17.016237,15.783944,56.58
98,961,824,38.451770,17.631413,14.845753,58.07
99,1014,829,38.387484,18.245281,13.385299,63.52
100,48,740,39.418884,7.054895,4.870781,15.17
101,102,740,39.422985,7.684950,8.229261,-15.86
102,157,740,39.422985,8.315049,10.775141,-33.24
103,211,740,39.418884,8.945104,6.144197,-36.56
104,265,741,39.410685,9.575024,5.176696,-13.62
105,320,742,39.398388,10.204721,13.614868,-5.74
106,374,743,39.381997,10.834106,15.345650,-3.67
107,428,745,39.361516,11.463089,14.927171,-1.81
108,483,747,39.336950,12.091583,14.302147,3.76
109,537,750,39.308305,12.719499,15.243691,1.41
110,591,752,39.275588,13.346749,15.524308,28.25
111,645,756,39.238808,13.973247,16.309202,38.29
112,699,759,39.197973,14.598906,17.263010,32.18
113,753,763,39.153093,15.223640,12.383864,41.77
114,807,767,39.104181,15.847365,9.687348,58.64
115,861,772,39.051246,16.469997,3.072019,51.49
116,914,777,38.994304,17.091452,9.359203,63.11
117,968,782,38.933366,17.711647,16.134344,63.10
118,1021,788,38.868450,18.330503,15.525857,69.72
119,47,698,39.905922,7.046866,8.595537,17.60
120,102,698,39.910063,7.682273,10.507651,-20.83
121,157,698,39.910063,8.317726,13.435188,-27.68
122,212,698,39.905922,8.953133,4.542566,-33.55
123,267,699,39.897641,9.588402,3.326069,-24.35
124,321,700,39.885223,10.223442,9.912054,-15.65
125,376,701,39.868669,10.858161,11.759895,-9.15
126,431,703,39.847985,11.492469,12.025304,-3.43
127,486,705,39.823176,12.126275,12.419459,-7.14
128,540,708,39.794247,12.759488,11.810271,-7.62
129,595,711,39.761207,13.392019,12.099494,17.40
130,649,714,39.724063,14.023777,14.232506,33.05
131,704,717,39.682824,14.654676,16.422802,43.47
132,758,721,39.637502,15.284627,12.545832,42.45
133,812,725,39.588107,15.913542,6.626822,35.36
134,867,730,39.534651,16.541337,4.658259,48.90
135,921,735,39.477148,17.167925,11.942375,79.23
136,975,740,39.415612,17.793222,16.740421,67.86
137,1029,746,39.350057,18.417146,15.157555,70.78
138,46,656,40.393632,7.038700,9.989045,-4.39
139,102,656,40.397814,7.679551,11.897106,-26.45
140,157,656,40.397814,8.320448,14.193198,-33.67
141,212,656,40.393632,8.961299,7.954703,-26.52
142,268,657,40.385269,9.602008,6.116540,-9.54
143,323,658,40.372727,10.242483,11.354917,-8.26
144,378,659,40.356009,10.882628,13.195378,-2.23
145,433,661,40.335120,11.522352,13.845210,2.23
146,489,663,40.310065,12.161560,12.503631,4.11
147,544,666,40.280850,12.800160,12.328728,-3.80
148,599,669,40.247482,13.438060,10.338202,-10.91
149,654,672,40.209970,14.075169,13.147877,28.19
150,709,675,40.168324,14.711395,12.683114,49.00
151,764,679,40.122554,15.346649,5.299800,46.19
152,818,684,40.072671,15.980841,6.786967,49.19
153,873,688,40.018688,16.613884,7.931185,66.70
154,927,693,39.960618,17.245689,13.675563,86.62
155,982,699,39.898477,17.876171,17.670834,71.58
156,46,614,40.881986,7.030393,12.490185,-16.57
157,102,613,40.886209,7.676781,15.819251,-26.01
158,157,613,40.886209,8.323218,15.831697,-20.22
159,213,614,40.881986,8.969606,7.248486,-9.95
160,269,615,40.873539,9.615850,8.515283,-15.02
161,325,616,40.860873,10.261853,15.063566,-7.92
162,380,617,40.843989,10.907518,15.455248,-1.18
163,436,619,40.822892,11.552749,14.562118,6.70
164,492,621,40.797588,12.197453,13.400306,8.31
165,547,624,40.768083,12.841532,12.237700,6.34
166,603,627,40.734384,13.484893,10.400859,-1.70
167,658,630,40.696501,14.127442,12.475682,31.19
168,714,633,40.654442,14.769086,10.272446,54.04
169,769,637,40.608219,15.409732,5.672479,32.45
170,824,642,40.557843,16.049290,6.673663,59.03
171,879,646,40.503328,16.687668,4.021278,72.01
172,934,652,40.444685,17.324777,7.293311,76.78
173,989,657,40.381932,17.960528,9.667972,81.09
174,45,572,41.370953,7.021940,16.090662,-22.49
175,101,571,41.375219,7.673963,17.808044,-24.14
176,158,571,41.375219,8.326036,18.036402,-18.10
177,214,572,41.370953,8.978059,18.712770,-17.38
178,270,572,41.362423,9.629933,17.987391,-6.87
179,326,573,41.349630,10.281560,16.506632,-0.62
180,383,575,41.332578,10.932840,17.084291,1.15
181,439,577,41.311272,11.583676,16.598339,5.31
182,495,579,41.285716,12.233969,15.402590,10.08
183,551,582,41.255918,12.883622,10.833850,11.11
184,607,584,41.221885,13.532538,7.422593,-12.53
185,663,588,41.183626,14.180621,3.774549,59.74
186,719,591,41.141150,14.827775,7.714907,54.71
187,775,595,41.094469,15.473905,7.178360,56.15
188,830,600,41.043595,16.118918,7.803268,80.52
189,886,605,40.988540,16.762721,6.961437,88.63
190,941,610,40.929319,17.405222,9.920452,89.78
191,997,615,40.865946,18.046331,12.971355,85.17
192,44,529,41.860505,7.013339,17.200253,-19.24
193,101,529,41.864814,7.671096,17.970520,-15.13
194,158,529,41.864814,8.328903,18.122671,-14.18
195,215,529,41.860505,8.986660,5.384745,-12.62
196,271,530,41.851890,9.644264,9.827159,4.21
197,328,531,41.838970,10.301613,9.770192,-1.11
198,385,533,41.821748,10.958608,8.884940,-0.52
199,441,535,41.800229,11.615145,11.615187,8.68
200,498,537,41.774419,12.271126,9.320515,15.77
201,555,539,41.744325,12.926450,2.352963,66.91
202,611,542,41.709953,13.581017,3.570548,19.25
203,668,546,41.671314,14.234729,5.812173,65.24
204,724,549,41.628417,14.887487,6.721228,54.05
205,780,553,41.581273,15.539195,7.728473,75.43
206,836,558,41.529895,16.189756,11.918659,79.00
207,892,563,41.474295,16.839076,8.559843,99.83
208,948,568,41.414489,17.487060,11.559605,89.07
209,1004,573,41.350490,18.133615,13.557982,111.04
210,44,487,42.350612,7.004586,16.597397,-12.09
211,101,487,42.354963,7.668177,17.043659,-11.21
212,158,487,42.354963,8.331821,19.849709,-5.34
213,215,487,42.350612,8.995413,10.856846,7.32
214,273,488,42.341910,9.658848,5.567612,-19.63
215,330,489,42.328861,10.322022,6.543578,-16.41
216,387,490,42.311468,10.984832,5.534836,-16.45
217,444,492,42.289734,11.647172,2.676526,-99.45
218,501,495,42.263667,12.308940,2.710205,69.85
219,558,497,42.233272,12.970034,3.480809,60.97
220,615,500,42.198559,13.630351,4.517228,15.11
221,672,504,42.159535,14.289790,2.247258,-162.46
222,729,507,42.116212,14.948250,5.371061,95.84
223,786,511,42.068600,15.605632,14.506078,79.19
224,843,516,42.016712,16.261837,10.288024,98.71
225,899,521,41.960561,16.916767,10.844118,96.39
226,955,526,41.900163,17.570326,12.724452,91.65
227,1012,531,41.835532,18.222419,15.668747,101.89
228,43,445,42.841242,6.995675,16.122824,-11.23
229,101,444,42.845637,7.665207,17.000168,-8.23
230,158,444,42.845637,8.334792,21.088827,-1.37
231,216,445,42.841242,9.004324,16.634346,0.54
232,274,445,42.832453,9.673694,17.915777,-6.69
233,332,447,42.819274,10.342797,10.141083,0.65
234,389,448,42.801707,11.011524,7.978743,22.67
235,447,450,42.779756,11.679771,4.975921,18.37
236,505,452,42.753429,12.347429,2.683348,56.62
237,562,455,42.722731,13.014395,4.187460,55.87
238,620,458,42.687671,13.680564,4.963140,47.72
239,677,461,42.648259,14.345830,8.945639,65.86
240,734,465,42.604504,15.010092,14.606756,89.39
241,792,469,42.556419,15.673246,14.933011,80.70
242,849,474,42.504015,16.335192,14.189650,94.79
243,906,479,42.447308,16.995829,11.976436,81.02
244,963,484,42.386311,17.655059,13.669293,91.80
245,1020,490,42.321041,18.312784,15.722944,99.76
246,42,402,43.332365,6.986604,13.797017,-5.25
247,100,402,43.336804,7.662183,21.629671,5.19
248,159,402,43.336804,8.337816,18.810326,-1.30
249,217,402,43.332365,9.013395,15.380063,-7.15
250,275,403,43.323489,9.688808,11.511473,-8.81
251,333,404,43.310177,10.363946,12.201929,-6.61
252,392,406,43.292434,11.038698,4.842231,45.17
253,450,408,43.270264,11.712957,3.616350,47.69
254,508,410,43.243673,12.386611,3.057202,48.66
255,566,413,43.212669,13.059554,4.292215,20.50
256,624,416,43.177259,13.731678,4.106304,18.58
257,682,419,43.137453,14.402875,11.408375,73.15
258,740,423,43.093262,15.073041,12.221631,89.12
259,798,427,43.044698,15.742069,16.713055,93.08
260,855,432,42.991774,16.409856,14.852896,98.13
261,913,437,42.934503,17.076299,9.141284,85.88
262,970,442,42.872901,17.741297,5.686757,99.19
263,1027,448,42.806984,18.404750,7.481454,96.32
264,41,360,43.823949,6.977368,7.096906,-32.28
265,100,359,43.828433,7.659103,2.073922,-102.85
266,159,359,43.828433,8.340896,3.450140,48.05
267,218,360,43.823949,9.022631,2.557372,-60.12
268,277,361,43.814984,9.704197,5.802439,-31.12
269,335,362,43.801539,10.385480,1.218722,-127.24
270,394,363,43.783618,11.066367,1.854595,104.40
271,453,365,43.761226,11.746746,3.064308,48.51
272,512,368,43.734369,12.426505,4.469273,37.81
273,570,370,43.703054,13.105533,4.250447,20.24
274,629,373,43.667290,13.783719,8.961036,39.60
275,687,377,43.627087,14.460953,8.774332,65.59
276,745,381,43.582455,15.137127,13.357704,98.63
277,804,385,43.533406,15.812133,13.408905,104.73
278,862,390,43.479955,16.485864,9.486338,106.72
279,920,395,43.422114,17.158215,5.036328,104.48
280,978,400,43.359900,17.829081,6.697724,84.46
281,1036,406,43.293329,18.498361,6.491915,69.49
282,40,317,44.315964,6.967961,8.099102,-27.04
283,100,317,44.320492,7.655967,4.244087,58.78
284,159,317,44.320492,8.344032,0.916530,18.35
285,219,317,44.315964,9.032038,2.584130,-34.65
286,278,318,44.306908,9.719869,1.841367,-128.75
287,337,319,44.293328,10.407410,3.602734,48.18
288,397,321,44.275227,11.094544,1.808378,60.11
289,456,323,44.252610,11.781156,3.452575,-19.54
290,515,325,44.225484,12.467130,4.373704,37.34
291,574,328,44.193855,13.152353,4.526344,-19.95
292,633,331,44.157733,13.836711,9.162484,49.53
293,692,335,44.117127,14.520091,11.713521,91.32
294,751,338,44.072049,15.202381,8.901402,100.63
295,810,343,44.022511,15.883472,8.041186,96.49
296,869,347,43.968525,16.563252,9.089195,62.85
297,927,352,43.910108,17.241614,10.715900,77.51
298,986,358,43.847275,17.918452,8.721946,63.18
299,40,275,44.808376,6.958380,7.846467,3.61
300,99,275,44.812950,7.652773,2.304121,63.77
301,159,275,44.812950,8.347226,0.801961,-179.68
302,219,275,44.808376,9.041619,1.732403,117.58
303,279,276,44.799229,9.735832,3.469695,41.89
304,339,277,44.785512,10.429747,2.653943,40.10
305,399,278,44.767229,11.123243,3.503992,16.47
306,459,280,44.744385,11.816203,4.547186,-2.79
307,519,283,44.716986,12.508507,7.756100,27.27
308,578,286,44.685040,13.200039,8.481505,36.36
309,638,289,44.648555,13.890682,9.071507,64.15
310,697,292,44.607542,14.580319,11.518506,116.35
311,757,296,44.562012,15.268837,5.455995,80.83
312,816,300,44.511978,15.956120,5.459605,70.21
313,875,305,44.457454,16.642058,6.656297,74.92
314,934,310,44.398453,17.326539,6.169601,74.32
315,993,316,44.334994,18.009453,3.213363,86.26
316,39,232,45.301153,6.948619,6.588449,-25.49
317,99,232,45.305773,7.649519,1.070847,-53.59
318,160,232,45.305773,8.350480,0.417487,-86.14
319,220,232,45.301153,9.051380,3.021882,8.58
320,281,233,45.291914,9.752095,3.587706,-2.68
321,341,234,45.278059,10.452502,5.628865,-6.24
322,402,236,45.259591,11.152480,4.697243,13.15
323,462,238,45.236517,11.851905,4.299634,22.33
324,522,240,45.208842,12.550657,4.621109,15.32
325,582,243,45.176574,13.248614,8.162494,38.32
326,643,246,45.139723,13.945657,5.432926,78.97
327,703,250,45.098298,14.641667,4.684129,98.93
328,763,254,45.052311,15.336525,3.620711,67.58
329,823,258,45.001776,16.030115,3.778806,62.00
330,882,263,44.946705,16.722322,3.402996,79.60
331,942,268,44.887115,17.413031,3.271456,91.00
332,1001,274,44.823022,18.102129,4.313407,117.54
333,38,190,45.794262,6.938674,4.157640,12.29
334,99,189,45.798929,7.646203,3.651045,-38.70
335,160,189,45.798929,8.353796,2.312660,-32.79
336,221,190,45.794262,9.061325,1.861086,16.44
337,282,191,45.784930,9.768664,0.998358,-123.90
338,343,192,45.770934,10.475687,1.137918,106.46
339,404,193,45.752281,11.182268,2.162888,-22.53
340,465,195,45.728973,11.888281,2.581006,64.96
341,526,198,45.701019,12.593601,1.672463,95.23
342,587,201,45.668426,13.298104,9.615037,49.75
343,647,204,45.631204,14.001667,3.635751,42.30
344,708,208,45.589362,14.704167,3.609539,77.28
345,769,212,45.542913,15.405482,2.642696,62.23
346,829,216,45.491870,16.105494,2.774848,110.50
347,889,221,45.436247,16.804084,2.889778,132.76
348,949,226,45.376060,17.501133,0.316675,3.09
349,1010,232,45.311326,18.196527,1.988432,118.20
350,37,147,46.287670,6.928539,0.304835,-170.87
351,99,147,46.292384,7.642824,3.383259,45.53
352,160,147,46.292384,8.357175,2.640508,-35.22
353,222,147,46.287670,9.071460,3.583604,-110.04
354,284,148,46.278243,9.785550,4.873959,-55.75
355,345,149,46.264106,10.499315,0.651935,63.12
356,407,151,46.245263,11.212625,0.449406,-47.18
357,468,153,46.221720,11.925350,1.813558,10.19
358,530,155,46.193484,12.637363,0.858758,-25.79
359,591,158,46.160561,13.348535,0.582427,33.42
360,652,161,46.122963,14.058739,3.948675,54.83
361,714,165,46.080699,14.767850,1.703880,43.20
362,775,169,46.033783,15.475744,1.854917,68.93
363,836,174,45.982226,16.182296,2.414046,104.39
364,897,178,45.926044,16.887385,2.768388,100.92
365,957,184,45.865253,17.590891,3.018084,151.55
366,1018,189,45.799870,18.292694,3.752906,136.17
367,36,105,46.781342,6.918208,6.496910,52.25
368,98,104,46.786104,7.639380,1.650954,81.61
369,161,104,46.786104,8.360619,4.214913,38.07
370,223,105,46.781342,9.081791,0.639558,170.64
371,285,105,46.771820,9.802762,2.020579,-81.92
372,347,107,46.757540,10.523398,3.245341,-73.88
373,409,108,46.738506,11.243565,3.208206,-152.09
374,472,110,46.714724,11.963132,0.731020,-118.07
375,534,113,46.686201,12.681965,1.783614,56.81
376,596,116,46.652946,13.399932,2.372692,8.03
377,657,119,46.614967,14.116905,1.158803,-104.55
378,719,123,46.572277,14.832752,1.202443,131.83
379,781,127,46.524886,15.547347,3.313054,83.61
380,842,131,46.472810,16.260561,3.444124,104.37
381,904,136,46.416062,16.972271,3.950153,117.67
382,965,141,46.354660,17.682351,4.580917,118.65
383,1026,147,46.288621,18.390681,5.311496,114.80
384,35,62,47.275246,6.907676,4.192028,34.99
385,98,62,47.280056,7.635869,3.767731,39.85
386,161,62,47.280056,8.364130,4.538453,25.87
387,224,62,47.275246,9.092323,3.935893,36.64
388,287,63,47.265626,9.820308,2.581730,31.55
389,349,64,47.251201,10.547949,5.870316,-4.60
390,412,66,47.231974,11.275108,1.090312,146.42
391,475,68,47.207951,12.001647,0.930653,76.97
392,537,70,47.179138,12.727432,2.726009,-17.93
393,600,73,47.145545,13.452326,3.768083,-21.35
394,663,77,47.107182,14.176196,0.569106,154.55
395,725,80,47.064059,14.898907,2.199929,30.71
396,787,84,47.016189,15.620330,2.646067,117.91
397,849,89,46.963586,16.340332,3.900354,97.43
398,911,94,46.906266,17.058785,4.409768,110.97
399,973,99,46.844245,17.775563,5.453321,117.09
400,1035,105,46.777541,18.490539,5.344046,122.71
401,34,19,47.769345,6.896937,4.498743,32.95
402,98,19,47.774205,7.632288,3.692868,61.29
403,161,19,47.774205,8.367711,3.810787,46.67
404,225,19,47.769345,9.103062,3.982478,28.21
405,288,20,47.759628,9.838200,5.267850,33.72
406,352,21,47.745056,10.572983,6.181056,20.29
407,415,23,47.725632,11.307269,4.368919,15.94
408,478,25,47.701364,12.040918,2.853167,50.72
409,541,28,47.672259,12.773790,3.821010,51.46
410,605,31,47.638324,13.505744,3.501446,-8.09
411,668,34,47.599571,14.236644,4.088396,-33.38
412,731,38,47.556010,14.966352,1.939427,-24.59
413,794,42,47.507655,15.694733,2.700929,79.17
414,856,47,47.454520,16.421652,4.386866,82.10
415,919,52,47.396620,17.146976,6.145444,101.82
416,981,57,47.333973,17.870576,4.745937,120.36
417,800,0,47.999249,15.770598,4.856328,-13.48
418,863,4,47.945575,16.504566,7.035196,110.49
419,927,9,47.887088,17.236892,7.509490,102.64
420,990,15,47.823807,17.967443,6.709480,124.86
