vector_id,pixel_x,pixel_y,latitude,longitude,magnitude,alpha_deg
0,0,992,36.504607,6.500736,3.607821,28.79
1,52,991,36.512337,7.100364,4.796512,46.71
2,104,991,36.516202,7.700108,3.251430,57.16
3,155,991,36.516202,8.299891,2.831641,35.05
4,207,991,36.512337,8.899635,0.736710,32.85
5,259,992,36.504607,9.499263,3.330689,82.10
6,51,949,36.994759,7.093092,9.373039,50.89
7,103,949,36.998662,7.697684,6.589252,50.77
8,156,949,36.998662,8.302315,5.967206,82.37
9,208,949,36.994759,8.906907,3.239010,111.44
10,260,950,36.986953,9.511380,2.833417,76.17
11,312,951,36.975246,10.115655,5.616349,71.83
12,364,952,36.959642,10.719655,7.499460,72.73
13,416,954,36.940143,11.323300,7.092333,56.06
14,468,956,36.916755,11.926512,10.494978,67.63
15,520,958,36.889483,12.529213,11.327694,69.60
16,572,961,36.858333,13.131326,9.367546,76.47
17,624,964,36.823313,13.732773,6.252615,70.50
18,676,967,36.784431,14.333479,4.820869,41.88
19,728,971,36.741697,14.933367,4.769253,1.15
20,780,975,36.695120,15.532361,6.170261,26.07
21,831,980,36.644711,16.130388,7.067620,34.06
22,883,984,36.590482,16.727372,7.405356,52.09
23,934,989,36.532447,17.323242,7.489635,63.36
24,51,908,37.478018,7.085702,6.936834,73.29
25,103,907,37.481960,7.695220,6.325823,72.28
26,156,907,37.481960,8.304779,7.383935,68.65
27,208,908,37.478018,8.914297,7.297556,63.72
28,261,908,37.470135,9.523694,7.668285,78.56
29,314,909,37.458313,10.132888,8.053730,64.72
30,366,911,37.442554,10.741800,9.075190,62.00
31,419,912,37.422863,11.350348,9.018124,59.87
32,471,914,37.399244,11.958453,9.956820,73.02
33,524,917,37.371703,12.566034,10.912464,82.17
34,576,919,37.340247,13.173013,6.805977,104.70
35,628,923,37.304882,13.779310,1.457110,158.61
36,681,926,37.265618,14.384847,1.014408,-66.11
37,733,930,37.222464,14.989545,1.193266,12.97
38,785,934,37.175430,15.593329,5.267362,38.92
39,837,938,37.124526,16.196122,7.791138,40.63
40,889,943,37.069766,16.797847,8.252600,65.10
41,941,948,37.011162,17.398431,10.132040,79.71
42,992,953,36.948729,17.997799,9.316038,92.09
43,50,866,37.962086,7.078190,12.044091,33.13
44,103,865,37.966067,7.692716,10.603647,36.18
45,156,865,37.966067,8.307283,9.893313,34.83
46,209,866,37.962087,8.921809,10.200674,41.93
47,262,866,37.954126,9.536210,8.951641,45.83
48,315,868,37.942187,10.150404,10.036738,55.44
49,368,869,37.926273,10.764308,10.434359,58.58
50,421,871,37.906387,11.377840,10.888578,61.22
51,474,873,37.882536,11.990917,12.153769,75.82
52,527,875,37.854723,12.603458,5.483677,105.45
53,580,878,37.822957,13.215381,5.300607,96.56
54,632,881,37.787244,13.826606,4.520897,102.47
55,685,884,37.747593,14.437052,0.289179,-74.78
56,738,888,37.704015,15.046639,4.042092,-20.03
57,790,892,37.656518,15.655289,9.594125,60.83
58,843,897,37.605115,16.262924,7.506347,46.19
59,895,901,37.549818,16.869465,9.769152,64.45
60,947,906,37.490640,17.474836,11.047503,88.41
61,999,912,37.427595,18.078962,10.230648,92.23
62,49,824,38.446939,7.070554,14.478706,30.39
63,103,824,38.450959,7.690170,13.632032,30.94
64,156,824,38.450959,8.309829,11.259336,34.21
65,210,824,38.446939,8.929445,11.596302,40.27
66,263,825,38.438899,9.548934,12.297462,36.20
67,317,826,38.426842,10.168210,11.597992,42.60
68,370,827,38.410771,10.787189,12.387401,50.02
69,423,829,38.390689,11.405787,13.355218,56.09
70,477,831,38.366602,12.023918,13.371583,63.59
71,530,833,38.338515,12.641500,15.107719,81.88
72,583,836,38.306435,13.258449,12.697801,71.72
73,637,839,38.270370,13.874681,12.903124,72.13
74,690,843,38.230329,14.490116,6.259954,58.31
75,743,846,38.186321,15.104671,1.603953,81.47
76,796,851,38.138358,15.718265,3.554501,126.62
77,848,855,38.086450,16.330818,7.689863,48.53
78,901,860,38.030610,16.942252,10.690614,76.27
79,954,865,37.970852,17.552486,11.662696,89.57
80,1006,871,37.907190,18.161445,10.984748,91.11
81,49,782,38.932547,7.062790,12.724386,34.19
82,102,782,38.936607,7.687582,12.891825,32.03
83,156,782,38.936607,8.312417,12.059660,40.74
84,210,782,38.932547,8.937209,7.759666,36.51
85,264,783,38.924428,9.561870,11.897006,33.77
86,318,784,38.912252,10.186313,12.534958,39.43
87,372,785,38.896022,10.810452,13.047669,44.40
88,426,787,38.875741,11.434199,13.869302,51.34
89,480,789,38.851416,12.057469,13.681191,54.55
90,533,791,38.823051,12.680175,15.431731,67.80
91,587,794,38.790655,13.302232,14.531238,69.58
92,641,797,38.754234,13.923555,10.035330,74.60
93,694,801,38.713798,14.544060,6.270764,63.67
94,748,805,38.669357,15.163663,4.751716,67.31
95,801,809,38.620921,15.782282,9.275604,92.03
96,854,813,38.568503,16.399834,3.743603,66.42
97,908,818,38.512115,17.016237,11.253550,75.02
98,961,824,38.451770,17.631413,12.025086,83.01
99,1014,829,38.387484,18.245281,11.900386,88.24
100,48,740,39.418884,7.054895,11.757434,34.77
101,102,740,39.422985,7.684950,10.679243,37.85
102,157,740,39.422985,8.315049,10.587487,49.69
103,211,740,39.418884,8.945104,3.696426,49.29
104,265,741,39.410685,9.575024,4.767221,35.55
105,320,742,39.398388,10.204721,13.835122,41.06
106,374,743,39.381997,10.834106,13.433741,41.86
107,428,745,39.361516,11.463089,13.418275,46.27
108,483,747,39.336950,12.091583,14.214508,48.08
109,537,750,39.308305,12.719499,15.268700,57.15
110,591,752,39.275588,13.346749,14.864264,69.49
111,645,756,39.238808,13.973247,9.056678,74.86
112,699,759,39.197973,14.598906,8.877651,81.65
113,753,763,39.153093,15.223640,5.633109,82.15
114,807,767,39.104181,15.847365,7.396459,99.12
115,861,772,39.051246,16.469997,0.880457,171.76
116,914,777,38.994304,17.091452,6.014792,69.69
117,968,782,38.933366,17.711647,11.863744,80.83
118,1021,788,38.868450,18.330503,12.690496,84.64
119,47,698,39.905922,7.046866,11.315876,36.15
120,102,698,39.910063,7.682273,10.254209,38.99
121,157,698,39.910063,8.317726,9.691798,46.84
122,212,698,39.905922,8.953133,2.606022,76.00
123,267,699,39.897641,9.588402,2.655634,51.64
124,321,700,39.885223,10.223442,11.164076,50.71
125,376,701,39.868669,10.858161,13.299796,44.37
126,431,703,39.847985,11.492469,13.853767,46.20
127,486,705,39.823176,12.126275,14.057556,47.38
128,540,708,39.794247,12.759488,13.375571,55.73
129,595,711,39.761207,13.392019,14.335896,70.18
130,649,714,39.724063,14.023777,12.734524,70.12
131,704,717,39.682824,14.654676,10.226382,83.54
132,758,721,39.637502,15.284627,6.471190,86.97
133,812,725,39.588107,15.913542,2.699117,94.53
134,867,730,39.534651,16.541337,2.250806,68.42
135,921,735,39.477148,17.167925,10.034265,86.92
136,975,740,39.415612,17.793222,11.946880,81.79
137,1029,746,39.350057,18.417146,12.661093,82.89
138,46,656,40.393632,7.038700,10.903913,36.47
139,102,656,40.397814,7.679551,10.146361,36.29
140,157,656,40.397814,8.320448,8.969097,53.41
141,212,656,40.393632,8.961299,3.408936,46.89
142,268,657,40.385269,9.602008,1.992621,38.14
143,323,658,40.372727,10.242483,9.196162,59.35
144,378,659,40.356009,10.882628,11.759524,48.55
145,433,661,40.335120,11.522352,12.878481,50.44
146,489,663,40.310065,12.161560,12.928343,51.02
147,544,666,40.280850,12.800160,12.078444,65.06
148,599,669,40.247482,13.438060,13.195812,78.91
149,654,672,40.209970,14.075169,13.468650,78.59
150,709,675,40.168324,14.711395,11.076105,86.38
151,764,679,40.122554,15.346649,1.730734,80.56
152,818,684,40.072671,15.980841,3.719944,52.58
153,873,688,40.018688,16.613884,7.046568,76.67
154,927,693,39.960618,17.245689,10.829643,79.51
155,982,699,39.898477,17.876171,12.648975,84.20
156,46,614,40.881986,7.030393,11.285810,34.62
157,102,613,40.886209,7.676781,9.664841,38.04
158,157,613,40.886209,8.323218,7.484982,49.50
159,213,614,40.881986,8.969606,2.167373,93.49
160,269,615,40.873539,9.615850,1.884188,97.18
161,325,616,40.860873,10.261853,8.158048,57.86
162,380,617,40.843989,10.907518,8.918986,47.48
163,436,619,40.822892,11.552749,10.725933,43.73
164,492,621,40.797588,12.197453,12.158147,61.34
165,547,624,40.768083,12.841532,12.636440,76.75
166,603,627,40.734384,13.484893,13.677517,77.53
167,658,630,40.696501,14.127442,12.845935,85.53
168,714,633,40.654442,14.769086,8.395264,77.14
169,769,637,40.608219,15.409732,2.301730,44.27
170,824,642,40.557843,16.049290,4.279694,54.20
171,879,646,40.503328,16.687668,0.669724,-152.49
172,934,652,40.444685,17.324777,5.428255,89.44
173,989,657,40.381932,17.960528,9.460270,73.86
174,45,572,41.370953,7.021940,9.473621,48.27
175,101,571,41.375219,7.673963,7.781750,49.12
176,158,571,41.375219,8.326036,8.542433,46.42
177,214,572,41.370953,8.978059,8.731135,44.85
178,270,572,41.362423,9.629933,7.140176,68.09
179,326,573,41.349630,10.281560,8.614316,72.95
180,383,575,41.332578,10.932840,9.098813,50.89
181,439,577,41.311272,11.583676,10.094631,47.18
182,495,579,41.285716,12.233969,11.497892,68.38
183,551,582,41.255918,12.883622,11.044950,87.39
184,607,584,41.221885,13.532538,6.845675,94.30
185,663,588,41.183626,14.180621,2.949716,101.17
186,719,591,41.141150,14.827775,4.108646,56.62
187,775,595,41.094469,15.473905,4.268000,62.49
188,830,600,41.043595,16.118918,4.524955,110.39
189,886,605,40.988540,16.762721,5.713351,88.43
190,941,610,40.929319,17.405222,7.335484,88.59
191,997,615,40.865946,18.046331,11.055017,83.90
192,44,529,41.860505,7.013339,8.893759,65.05
193,101,529,41.864814,7.671096,8.565375,56.73
194,158,529,41.864814,8.328903,6.396414,75.71
195,215,529,41.860505,8.986660,1.136217,47.39
196,271,530,41.851890,9.644264,11.612201,56.70
197,328,531,41.838970,10.301613,10.707778,67.30
198,385,533,41.821748,10.958608,9.912217,63.28
199,441,535,41.800229,11.615145,8.779779,54.08
200,498,537,41.774419,12.271126,8.782437,86.18
201,555,539,41.744325,12.926450,4.492259,97.45
202,611,542,41.709953,13.581017,2.312791,161.22
203,668,546,41.671314,14.234729,4.557563,61.60
204,724,549,41.628417,14.887487,6.493194,64.98
205,780,553,41.581273,15.539195,4.217701,157.61
206,836,558,41.529895,16.189756,7.623582,99.19
207,892,563,41.474295,16.839076,8.428826,87.13
208,948,568,41.414489,17.487060,9.703822,87.64
209,1004,573,41.350490,18.133615,12.238757,87.80
210,44,487,42.350612,7.004586,9.454280,64.31
211,101,487,42.354963,7.668177,7.930368,74.66
212,158,487,42.354963,8.331821,7.646952,81.69
213,215,487,42.350612,8.995413,8.164205,22.28
214,273,488,42.341910,9.658848,3.144407,-58.89
215,330,489,42.328861,10.322022,11.464752,65.17
216,387,490,42.311468,10.984832,11.253002,67.75
217,444,492,42.289734,11.647172,7.783626,73.03
218,501,495,42.263667,12.308940,6.743429,95.25
219,558,497,42.233272,12.970034,3.551288,84.10
220,615,500,42.198559,13.630351,2.740994,83.07
221,672,504,42.159535,14.289790,1.357488,-128.71
222,729,507,42.116212,14.948250,8.233058,94.70
223,786,511,42.068600,15.605632,11.433827,74.61
224,843,516,42.016712,16.261837,8.798729,98.95
225,899,521,41.960561,16.916767,10.316538,94.59
226,955,526,41.900163,17.570326,8.645228,69.61
227,1012,531,41.835532,18.222419,12.449422,88.11
228,43,445,42.841242,6.995675,9.273990,82.22
229,101,444,42.845637,7.665207,6.820522,75.52
230,158,444,42.845637,8.334792,7.976445,59.56
231,216,445,42.841242,9.004324,10.738581,52.50
232,274,445,42.832453,9.673694,0.929868,-8.50
233,332,447,42.819274,10.342797,2.451829,86.60
234,389,448,42.801707,11.011524,5.298890,73.98
235,447,450,42.779756,11.679771,4.254269,66.02
236,505,452,42.753429,12.347429,3.629569,93.37
237,562,455,42.722731,13.014395,4.206908,72.80
238,620,458,42.687671,13.680564,1.957306,61.97
239,677,461,42.648259,14.345830,7.800741,136.12
240,734,465,42.604504,15.010092,10.948695,96.81
241,792,469,42.556419,15.673246,13.630968,87.54
242,849,474,42.504015,16.335192,12.110333,98.20
243,906,479,42.447308,16.995829,11.086864,83.38
244,963,484,42.386311,17.655059,10.514555,77.20
245,1020,490,42.321041,18.312784,13.495934,92.13
246,42,402,43.332365,6.986604,7.508032,99.96
247,100,402,43.336804,7.662183,5.121419,132.68
248,159,402,43.336804,8.337816,1.884838,124.94
249,217,402,43.332365,9.013395,1.576015,-147.05
250,275,403,43.323489,9.688808,3.542256,89.89
251,333,404,43.310177,10.363946,2.919649,75.18
252,392,406,43.292434,11.038698,1.965771,65.47
253,450,408,43.270264,11.712957,0.983463,109.51
254,508,410,43.243673,12.386611,3.266015,112.12
255,566,413,43.212669,13.059554,3.966452,60.76
256,624,416,43.177259,13.731678,2.670687,114.67
257,682,419,43.137453,14.402875,7.300006,134.97
258,740,423,43.093262,15.073041,10.674039,103.36
259,798,427,43.044698,15.742069,12.686635,89.34
260,855,432,42.991774,16.409856,12.209725,90.51
261,913,437,42.934503,17.076299,5.495960,85.47
262,970,442,42.872901,17.741297,4.268561,98.48
263,1027,448,42.806984,18.404750,5.068809,85.47
264,41,360,43.823949,6.977368,3.770308,96.59
265,100,359,43.828433,7.659103,2.176040,144.55
266,159,359,43.828433,8.340896,3.709747,176.65
267,218,360,43.823949,9.022631,1.492188,-170.78
268,277,361,43.814984,9.704197,1.512867,126.81
269,335,362,43.801539,10.385480,1.902430,-139.63
270,394,363,43.783618,11.066367,0.786519,-46.76
271,453,365,43.761226,11.746746,2.776434,128.46
272,512,368,43.734369,12.426505,3.452365,61.93
273,570,370,43.703054,13.105533,3.223448,130.04
274,629,373,43.667290,13.783719,8.075876,122.70
275,687,377,43.627087,14.460953,9.784058,138.75
276,745,381,43.582455,15.137127,8.047429,127.66
277,804,385,43.533406,15.812133,9.793593,97.21
278,862,390,43.479955,16.485864,6.162277,111.27
279,920,395,43.422114,17.158215,3.126737,115.02
280,978,400,43.359900,17.829081,4.809921,89.64
281,1036,406,43.293329,18.498361,4.754123,82.94
282,40,317,44.315964,6.967961,5.901846,65.89
283,100,317,44.320492,7.655967,1.011973,-37.35
284,159,317,44.320492,8.344032,1.600796,-40.97
285,219,317,44.315964,9.032038,2.135507,125.55
286,278,318,44.306908,9.719869,1.403557,50.27
287,337,319,44.293328,10.407410,4.719059,70.01
288,397,321,44.275227,11.094544,0.588635,98.42
289,456,323,44.252610,11.781156,0.201482,178.82
290,515,325,44.225484,12.467130,4.300219,-14.26
291,574,328,44.193855,13.152353,11.163279,114.95
292,633,331,44.157733,13.836711,9.198864,130.46
293,692,335,44.117127,14.520091,9.202327,143.07
294,751,338,44.072049,15.202381,5.230600,142.17
295,810,343,44.022511,15.883472,4.322528,89.91
296,869,347,43.968525,16.563252,5.737930,63.24
297,927,352,43.910108,17.241614,7.536678,81.03
298,986,358,43.847275,17.918452,7.409871,51.67
299,40,275,44.808376,6.958380,2.927504,50.05
300,99,275,44.812950,7.652773,0.647546,-13.14
301,159,275,44.812950,8.347226,0.708863,-65.35
302,219,275,44.808376,9.041619,0.671588,-31.44
303,279,276,44.799229,9.735832,0.812164,163.71
304,339,277,44.785512,10.429747,1.165361,-174.72
305,399,278,44.767229,11.123243,1.197091,0.71
306,459,280,44.744385,11.816203,0.452359,9.60
307,519,283,44.716986,12.508507,2.495970,68.09
308,578,286,44.685040,13.200039,10.298020,96.92
309,638,289,44.648555,13.890682,11.414699,98.23
310,697,292,44.607542,14.580319,10.821890,110.73
311,757,296,44.562012,15.268837,4.470270,78.73
312,816,300,44.511978,15.956120,5.127000,66.96
313,875,305,44.457454,16.642058,5.186961,66.27
314,934,310,44.398453,17.326539,5.396831,73.89
315,993,316,44.334994,18.009453,3.771667,72.79
316,39,232,45.301153,6.948619,1.575559,89.33
317,99,232,45.305773,7.649519,0.439766,-41.22
318,160,232,45.305773,8.350480,0.662859,122.06
319,220,232,45.301153,9.051380,2.277494,170.67
320,281,233,45.291914,9.752095,2.300360,159.49
321,341,234,45.278059,10.452502,1.306394,136.06
322,402,236,45.259591,11.152480,2.710746,-159.99
323,462,238,45.236517,11.851905,4.081428,-111.15
324,522,240,45.208842,12.550657,4.808538,-120.54
325,582,243,45.176574,13.248614,9.537992,79.27
326,643,246,45.139723,13.945657,5.200862,84.18
327,703,250,45.098298,14.641667,5.140213,99.24
328,763,254,45.052311,15.336525,3.806012,76.73
329,823,258,45.001776,16.030115,4.632443,64.49
330,882,263,44.946705,16.722322,2.508152,144.86
331,942,268,44.887115,17.413031,0.965327,156.18
332,1001,274,44.823022,18.102129,1.325592,154.41
333,38,190,45.794262,6.938674,1.533100,112.80
334,99,189,45.798929,7.646203,3.611898,-153.41
335,160,189,45.798929,8.353796,0.706085,100.78
336,221,190,45.794262,9.061325,1.139546,115.50
337,282,191,45.784930,9.768664,1.050470,-169.68
338,343,192,45.770934,10.475687,0.856051,-52.00
339,404,193,45.752281,11.182268,0.880012,-122.06
340,465,195,45.728973,11.888281,1.454162,-136.62
341,526,198,45.701019,12.593601,2.124370,-126.94
342,587,201,45.668426,13.298104,3.588145,-92.84
343,647,204,45.631204,14.001667,2.939402,56.72
344,708,208,45.589362,14.704167,3.172530,76.60
345,769,212,45.542913,15.405482,0.535619,-84.27
346,829,216,45.491870,16.105494,0.839145,-144.93
347,889,221,45.436247,16.804084,3.547910,134.30
348,949,226,45.376060,17.501133,1.052353,-21.77
349,1010,232,45.311326,18.196527,1.760655,125.47
350,37,147,46.287670,6.928539,2.205156,35.87
351,99,147,46.292384,7.642824,0.432904,179.45
352,160,147,46.292384,8.357175,1.057901,57.96
353,222,147,46.287670,9.071460,1.287019,155.61
354,284,148,46.278243,9.785550,4.231768,81.11
355,345,149,46.264106,10.499315,2.826542,23.33
356,407,151,46.245263,11.212625,2.026524,60.79
357,468,153,46.221720,11.925350,1.794052,33.40
358,530,155,46.193484,12.637363,1.081046,-103.86
359,591,158,46.160561,13.348535,1.795074,-126.96
360,652,161,46.122963,14.058739,1.034282,-63.73
361,714,165,46.080699,14.767850,0.207828,12.56
362,775,169,46.033783,15.475744,0.437748,-36.20
363,836,174,45.982226,16.182296,2.124369,99.85
364,897,178,45.926044,16.887385,2.847013,116.88
365,957,184,45.865253,17.590891,3.526989,153.65
366,1018,189,45.799870,18.292694,3.489655,136.62
367,36,105,46.781342,6.918208,4.653744,57.80
368,98,104,46.786104,7.639380,2.035968,-101.94
369,161,104,46.786104,8.360619,4.697603,78.71
370,223,105,46.781342,9.081791,2.399415,-0.86
371,285,105,46.771820,9.802762,4.840136,89.78
372,347,107,46.757540,10.523398,3.461608,89.12
373,409,108,46.738506,11.243565,2.805086,102.23
374,472,110,46.714724,11.963132,2.816530,141.38
375,534,113,46.686201,12.681965,1.750601,106.67
376,596,116,46.652946,13.399932,1.174040,-110.41
377,657,119,46.614967,14.116905,0.756181,-109.09
378,719,123,46.572277,14.832752,0.848491,-117.06
379,781,127,46.524886,15.547347,3.175248,78.96
380,842,131,46.472810,16.260561,3.262197,107.19
381,904,136,46.416062,16.972271,3.437013,114.51
382,965,141,46.354660,17.682351,4.592891,112.56
383,1026,147,46.288621,18.390681,4.152199,108.91
384,35,62,47.275246,6.907676,5.152907,60.49
385,98,62,47.280056,7.635869,4.125701,50.81
386,161,62,47.280056,8.364130,3.116922,38.99
387,224,62,47.275246,9.092323,1.797471,102.02
388,287,63,47.265626,9.820308,1.757979,-105.01
389,349,64,47.251201,10.547949,5.087558,82.35
390,412,66,47.231974,11.275108,3.139447,158.90
391,475,68,47.207951,12.001647,4.380850,69.37
392,537,70,47.179138,12.727432,10.338605,77.44
393,600,73,47.145545,13.452326,4.129781,102.01
394,663,77,47.107182,14.176196,0.989359,164.29
395,725,80,47.064059,14.898907,4.287279,37.68
396,787,84,47.016189,15.620330,1.171249,-97.63
397,849,89,46.963586,16.340332,4.090142,89.74
398,911,94,46.906266,17.058785,4.393905,104.08
399,973,99,46.844245,17.775563,3.593668,99.70
400,1035,105,46.777541,18.490539,4.342685,118.52
401,34,19,47.769345,6.896937,4.312243,56.93
402,98,19,47.774205,7.632288,4.906192,108.32
403,161,19,47.774205,8.367711,4.014119,54.52
404,225,19,47.769345,9.103062,4.041600,20.01
405,288,20,47.759628,9.838200,2.908287,0.89
406,352,21,47.745056,10.572983,1.583345,58.02
407,415,23,47.725632,11.307269,0.584896,-1.51
408,478,25,47.701364,12.040918,2.562459,84.14
409,541,28,47.672259,12.773790,2.045403,83.32
410,605,31,47.638324,13.505744,3.828217,69.39
411,668,34,47.599571,14.236644,2.788574,17.87
412,731,38,47.556010,14.966352,4.314779,109.79
413,794,42,47.507655,15.694733,1.613186,150.47
414,856,47,47.454520,16.421652,5.270839,60.93
415,919,52,47.396620,17.146976,6.510349,100.99
416,981,57,47.333973,17.870576,4.906664,98.73
417,800,0,47.999249,15.770598,2.704144,52.45
418,863,4,47.945575,16.504566,7.441715,126.33
419,927,9,47.887088,17.236892,4.878235,123.26
420,990,15,47.823807,17.967443,5.437811,140.19
