vector_id,pixel_x,pixel_y,latitude,longitude,magnitude,alpha_deg
0,0,616,36.504607,6.500736,19.971626,-2.41
1,32,615,36.512337,7.100364,23.864590,9.74
2,64,615,36.516202,7.700108,25.213921,14.88
3,96,615,36.516202,8.299891,25.230433,19.43
4,129,615,36.512337,8.899635,25.752831,21.75
5,161,616,36.504607,9.499263,26.008835,27.37
6,32,589,36.994759,7.093092,20.278318,-0.22
7,64,589,36.998662,7.697684,24.217352,13.53
8,97,589,36.998662,8.302315,24.936329,21.53
9,129,589,36.994759,8.906907,25.835911,25.75
10,161,590,36.986953,9.511380,26.885962,28.42
11,194,591,36.975246,10.115655,26.969015,30.57
12,226,591,36.959642,10.719655,26.127544,32.55
13,258,592,36.940143,11.323300,25.040012,30.95
14,291,594,36.916755,11.926512,23.620838,28.66
15,323,595,36.889483,12.529213,22.220881,25.52
16,355,597,36.858333,13.131326,20.276157,24.45
17,387,599,36.823313,13.732773,19.817131,23.97
18,420,601,36.784431,14.333479,19.073288,22.98
19,452,603,36.741697,14.933367,18.137440,21.19
20,484,606,36.695120,15.532361,18.253464,22.11
21,516,608,36.644711,16.130388,18.420361,18.34
22,548,611,36.590482,16.727372,17.903576,11.66
23,580,614,36.532447,17.323242,17.902391,10.81
24,31,564,37.478018,7.085702,15.424161,-18.03
25,64,563,37.481960,7.695220,21.171061,7.76
26,97,563,37.481960,8.304779,22.524471,19.16
27,129,564,37.478018,8.914297,24.895203,26.53
28,162,564,37.470135,9.523694,27.052050,28.74
29,195,565,37.458313,10.132888,27.522486,31.29
30,227,566,37.442554,10.741800,27.693348,32.73
31,260,567,37.422863,11.350348,26.623190,33.41
32,292,568,37.399244,11.958453,24.941099,31.79
33,325,569,37.371703,12.566034,23.031956,27.24
34,357,571,37.340247,13.173013,20.940388,24.33
35,390,573,37.304882,13.779310,21.230232,24.91
36,422,575,37.265618,14.384847,19.599859,24.50
37,455,577,37.222464,14.989545,18.585073,24.51
38,487,580,37.175430,15.593329,18.156078,20.90
39,519,583,37.124526,16.196122,18.619455,18.73
40,552,585,37.069766,16.797847,18.003834,14.77
41,584,589,37.011162,17.398431,17.410439,11.90
42,616,592,36.948729,17.997799,17.215614,10.79
43,31,538,37.962086,7.078190,14.733262,-24.84
44,64,537,37.966067,7.692716,16.515329,-6.38
45,97,537,37.966067,8.307283,22.214960,17.17
46,130,538,37.962087,8.921809,24.013117,24.79
47,163,538,37.954126,9.536210,26.173643,29.86
48,196,539,37.942187,10.150404,27.437286,30.69
49,228,540,37.926273,10.764308,27.682236,30.83
50,261,541,37.906387,11.377840,27.484236,34.32
51,294,542,37.882536,11.990917,25.889526,35.69
52,327,543,37.854723,12.603458,22.812878,30.99
53,360,545,37.822957,13.215381,22.754034,27.52
54,392,547,37.787244,13.826606,20.479574,23.15
55,425,549,37.747593,14.437052,19.984373,23.10
56,458,552,37.704015,15.046639,19.415937,22.72
57,490,554,37.656518,15.655289,18.601419,21.68
58,523,557,37.605115,16.262924,18.712208,19.31
59,555,560,37.549818,16.869465,17.862974,15.84
60,588,563,37.490640,17.474836,17.180986,14.13
61,620,566,37.427595,18.078962,16.824144,12.69
62,31,512,38.446939,7.070554,14.651609,-20.00
63,64,511,38.450959,7.690170,16.152576,-15.83
64,97,511,38.450959,8.309829,19.714319,6.72
65,130,512,38.446939,8.929445,24.803171,21.07
66,163,512,38.438899,9.548934,25.785191,27.50
67,196,513,38.426842,10.168210,27.237658,31.71
68,230,514,38.410771,10.787189,28.163572,32.05
69,263,515,38.390689,11.405787,27.596653,31.64
70,296,516,38.366602,12.023918,26.976589,35.00
71,329,518,38.338515,12.641500,25.563015,34.56
72,362,519,38.306435,13.258449,24.729376,28.78
73,395,521,38.270370,13.874681,21.602148,28.10
74,428,523,38.230329,14.490116,20.535376,27.70
75,461,526,38.186321,15.104671,19.530071,26.13
76,494,528,38.138358,15.718265,18.883095,23.93
77,527,531,38.086450,16.330818,17.718655,21.26
78,559,534,38.030610,16.942252,17.277550,16.85
79,592,537,37.970852,17.552486,16.090256,14.34
80,625,541,37.907190,18.161445,15.682111,15.12
81,30,486,38.932547,7.062790,15.369581,-11.42
82,64,485,38.936607,7.687582,15.328408,-17.22
83,97,485,38.936607,8.312417,17.911791,-1.01
84,131,486,38.932547,8.937209,23.673126,17.54
85,164,486,38.924428,9.561870,24.823555,23.60
86,197,487,38.912252,10.186313,27.819996,30.10
87,231,488,38.896022,10.810452,28.244152,33.34
88,264,489,38.875741,11.434199,26.699760,34.04
89,298,490,38.851416,12.057469,26.932383,34.11
90,331,492,38.823051,12.680175,26.139673,36.08
91,364,493,38.790655,13.302232,24.309128,32.50
92,398,495,38.754234,13.923555,22.690157,30.10
93,431,497,38.713798,14.544060,20.967171,32.37
94,464,500,38.669357,15.163663,19.452787,29.92
95,497,502,38.620921,15.782282,18.194500,27.00
96,530,505,38.568503,16.399834,16.751244,23.04
97,563,508,38.512115,17.016237,15.534003,22.11
98,596,511,38.451770,17.631413,15.294695,19.22
99,629,515,38.387484,18.245281,14.509491,20.19
100,30,460,39.418884,7.054895,15.637546,-5.58
101,63,459,39.422985,7.684950,14.543600,-17.53
102,97,459,39.422985,8.315049,16.970589,-10.96
103,131,460,39.418884,8.945104,20.625862,13.83
104,165,460,39.410685,9.575024,26.101437,23.32
105,198,461,39.398388,10.204721,28.039701,28.92
106,232,462,39.381997,10.834106,28.556049,34.90
107,266,463,39.361516,11.463089,26.727282,36.63
108,300,464,39.336950,12.091583,26.025227,34.00
109,333,466,39.308305,12.719499,25.805040,36.19
110,367,467,39.275588,13.346749,24.100599,36.37
111,400,469,39.238808,13.973247,22.987318,34.78
112,434,471,39.197973,14.598906,21.119370,36.23
113,467,474,39.153093,15.223640,19.441580,33.76
114,501,477,39.104181,15.847365,17.975815,30.80
115,534,479,39.051246,16.469997,16.500870,28.57
116,567,482,38.994304,17.091452,14.892404,26.79
117,601,486,38.933366,17.711647,14.365859,23.79
118,634,489,38.868450,18.330503,14.406855,26.25
119,29,434,39.905922,7.046866,16.942215,1.51
120,63,433,39.910063,7.682273,15.733618,-5.36
121,97,433,39.910063,8.317726,15.325620,-14.07
122,131,434,39.905922,8.953133,18.860504,9.84
123,165,434,39.897641,9.588402,26.323057,24.55
124,199,435,39.885223,10.223442,25.432051,26.19
125,233,436,39.868669,10.858161,27.018267,34.19
126,267,437,39.847985,11.492469,28.874699,35.79
127,301,438,39.823176,12.126275,25.960108,37.38
128,335,440,39.794247,12.759488,25.522356,38.66
129,369,441,39.761207,13.392019,25.137924,38.29
130,403,443,39.724063,14.023777,22.946957,37.69
131,437,446,39.682824,14.654676,20.805910,39.25
132,471,448,39.637502,15.284627,19.836651,36.41
133,504,451,39.588107,15.913542,18.270107,32.76
134,538,453,39.534651,16.541337,16.884554,29.70
135,571,457,39.477148,17.167925,15.275983,31.00
136,605,460,39.415612,17.793222,15.212411,31.14
137,638,463,39.350057,18.417146,15.215060,25.41
138,29,407,40.393632,7.038700,17.767405,3.55
139,63,407,40.397814,7.679551,15.808809,2.94
140,98,407,40.397814,8.320448,15.663487,-10.22
141,132,407,40.393632,8.961299,18.663544,16.07
142,166,408,40.385269,9.602008,22.067711,18.71
143,200,409,40.372727,10.242483,22.200575,31.00
144,235,409,40.356009,10.882628,23.899475,31.27
145,269,411,40.335120,11.522352,27.631096,37.06
146,303,412,40.310065,12.161560,27.542557,38.93
147,337,413,40.280850,12.800160,24.807745,40.79
148,372,415,40.247482,13.438060,25.815607,41.01
149,406,417,40.209970,14.075169,23.484255,40.87
150,440,420,40.168324,14.711395,21.198635,39.48
151,474,422,40.122554,15.346649,20.005630,36.71
152,508,425,40.072671,15.980841,20.977655,34.75
153,542,428,40.018688,16.613884,15.806283,31.73
154,576,431,39.960618,17.245689,15.118284,30.54
155,609,434,39.898477,17.876171,16.059875,33.16
156,28,381,40.881986,7.030393,18.780554,6.57
157,63,381,40.886209,7.676781,15.115929,9.89
158,98,381,40.886209,8.323218,15.789464,-4.58
159,132,381,40.881986,8.969606,18.010078,7.45
160,167,382,40.873539,9.615850,19.348019,18.41
161,202,382,40.860873,10.261853,21.027132,33.63
162,236,383,40.843989,10.907518,21.495579,34.05
163,271,384,40.822892,11.552749,24.406033,38.00
164,305,386,40.797588,12.197453,27.747755,40.42
165,340,387,40.768083,12.841532,25.919546,44.28
166,374,389,40.734384,13.484893,25.284502,43.85
167,409,391,40.696501,14.127442,22.367226,45.37
168,443,393,40.654442,14.769086,21.959272,41.15
169,477,396,40.608219,15.409732,21.404804,36.37
170,512,399,40.557843,16.049290,21.021982,36.78
171,546,402,40.503328,16.687668,16.671429,35.37
172,580,405,40.444685,17.324777,15.973887,32.69
173,614,408,40.381932,17.960528,15.871653,33.27
174,28,355,41.370953,7.021940,20.785566,8.12
175,63,355,41.375219,7.673963,16.246870,12.87
176,98,355,41.375219,8.326036,14.914977,0.20
177,133,355,41.370953,8.978059,16.575403,-2.36
178,168,356,41.362423,9.629933,18.014481,17.19
179,203,356,41.349630,10.281560,21.749233,34.10
180,237,357,41.332578,10.932840,22.088818,34.82
181,272,358,41.311272,11.583676,23.225843,38.97
182,307,360,41.285716,12.233969,26.825436,42.57
183,342,361,41.255918,12.883622,26.299143,47.30
184,377,363,41.221885,13.532538,23.456198,48.51
185,411,365,41.183626,14.180621,23.341343,46.35
186,446,367,41.141150,14.827775,22.846205,42.71
187,481,370,41.094469,15.473905,24.802565,38.52
188,515,373,41.043595,16.118918,19.603863,41.57
189,550,376,40.988540,16.762721,17.899754,37.02
190,584,379,40.929319,17.405222,16.356163,33.47
191,618,382,40.865946,18.046331,15.903730,32.63
192,27,329,41.860505,7.013339,22.627153,12.11
193,63,329,41.864814,7.671096,18.126694,15.00
194,98,329,41.864814,8.328903,14.609120,2.88
195,133,329,41.860505,8.986660,14.511420,4.45
196,168,329,41.851890,9.644264,16.056969,18.08
197,204,330,41.838970,10.301613,19.806000,31.09
198,239,331,41.821748,10.958608,21.899145,35.93
199,274,332,41.800229,11.615145,22.950758,39.11
200,309,333,41.774419,12.271126,25.574446,43.15
201,344,335,41.744325,12.926450,25.840555,49.56
202,379,337,41.709953,13.581017,25.046095,51.65
203,414,339,41.671314,14.234729,20.386492,49.48
204,449,341,41.628417,14.887487,25.621107,40.08
205,484,344,41.581273,15.539195,24.544146,38.60
206,519,347,41.529895,16.189756,20.569958,42.61
207,554,350,41.474295,16.839076,19.258320,37.69
208,589,353,41.414489,17.487060,18.170809,37.63
209,623,356,41.350490,18.133615,15.748335,32.42
210,27,303,42.350612,7.004586,22.948996,15.17
211,63,302,42.354963,7.668177,19.919632,12.39
212,98,302,42.354963,8.331821,16.727873,11.58
213,134,303,42.350612,8.995413,19.570383,18.51
214,169,303,42.341910,9.658848,16.027121,16.83
215,205,304,42.328861,10.322022,17.087784,31.04
216,240,305,42.311468,10.984832,20.382900,36.84
217,276,306,42.289734,11.647172,21.786713,39.19
218,311,307,42.263667,12.308940,23.484255,40.87
219,347,309,42.233272,12.970034,27.572786,50.31
220,382,311,42.198559,13.630351,25.247791,52.52
221,417,313,42.159535,14.289790,24.781397,45.93
222,453,315,42.116212,14.948250,26.272259,41.90
223,488,318,42.068600,15.605632,24.581293,39.72
224,523,320,42.016712,16.261837,21.652248,43.95
225,558,324,41.960561,16.916767,20.721523,40.58
226,593,327,41.900163,17.570326,18.969229,40.42
227,628,330,41.835532,18.222419,15.589987,37.03
228,27,276,42.841242,6.995675,23.859940,19.99
229,62,276,42.845637,7.665207,23.079605,14.21
230,98,276,42.845637,8.334792,17.792938,17.58
231,134,276,42.841242,9.004324,18.047117,18.03
232,170,277,42.832453,9.673694,10.877435,12.96
233,206,278,42.819274,10.342797,14.060201,21.90
234,242,278,42.801707,11.011524,18.336355,35.70
235,277,280,42.779756,11.679771,19.495815,40.31
236,313,281,42.753429,12.347429,22.213144,44.15
237,349,283,42.722731,13.014395,27.135969,49.26
238,385,285,42.687671,13.680564,28.650341,50.09
239,420,287,42.648259,14.345830,26.733868,44.38
240,456,289,42.604504,15.010092,24.392776,41.72
241,491,292,42.556419,15.673246,24.267418,40.67
242,527,294,42.504015,16.335192,23.714888,44.34
243,562,297,42.447308,16.995829,21.796125,41.25
244,598,301,42.386311,17.655059,19.424438,41.41
245,633,304,42.321041,18.312784,16.482069,37.54
246,26,250,43.332365,6.986604,24.609961,26.24
247,62,250,43.336804,7.662183,24.513403,23.25
248,98,250,43.336804,8.337816,20.435411,20.98
249,135,250,43.332365,9.013395,18.515974,25.50
250,171,250,43.323489,9.688808,14.308879,12.06
251,207,251,43.310177,10.363946,14.378889,23.66
252,243,252,43.292434,11.038698,16.855907,37.24
253,279,253,43.270264,11.712957,18.456974,44.92
254,315,255,43.243673,12.386611,20.339132,47.30
255,351,256,43.212669,13.059554,25.054775,49.83
256,387,258,43.177259,13.731678,30.705807,50.38
257,423,260,43.137453,14.402875,28.902010,47.69
258,459,263,43.093262,15.073041,25.595325,44.49
259,495,265,43.044698,15.742069,24.398874,43.72
260,531,268,42.991774,16.409856,25.121784,45.82
261,567,271,42.934503,17.076299,22.204130,45.32
262,602,275,42.872901,17.741297,18.871574,44.68
263,638,278,42.806984,18.404750,17.812855,45.56
264,26,224,43.823949,6.977368,24.687111,32.58
265,62,223,43.828433,7.659103,25.534195,30.28
266,99,223,43.828433,8.340896,22.689209,23.21
267,135,224,43.823949,9.022631,20.543386,33.73
268,172,224,43.814984,9.704197,13.511940,20.32
269,208,225,43.801539,10.385480,12.370996,17.51
270,245,226,43.783618,11.066367,14.613778,37.47
271,281,227,43.761226,11.746746,18.474161,44.53
272,317,228,43.734369,12.426505,19.854851,48.83
273,354,230,43.703054,13.105533,24.648735,47.87
274,390,232,43.667290,13.783719,30.184788,48.87
275,426,234,43.627087,14.460953,29.930962,51.56
276,463,237,43.582455,15.137127,26.302845,44.90
277,499,239,43.533406,15.812133,25.678886,47.16
278,535,242,43.479955,16.485864,26.113171,47.74
279,571,245,43.422114,17.158215,23.116785,47.51
280,607,249,43.359900,17.829081,19.943167,45.24
281,643,252,43.293329,18.498361,17.329145,47.09
282,25,197,44.315964,6.967961,26.056021,32.10
283,62,197,44.320492,7.655967,24.468407,35.66
284,99,197,44.320492,8.344032,25.784393,29.36
285,136,197,44.315964,9.032038,22.295036,36.77
286,172,198,44.306908,9.719869,15.741587,27.26
287,209,199,44.293328,10.407410,14.057585,32.36
288,246,200,44.275227,11.094544,16.759811,42.05
289,283,201,44.252610,11.781156,19.967777,46.90
290,320,202,44.225484,12.467130,19.599836,48.76
291,356,204,44.193855,13.152353,23.126698,46.44
292,393,206,44.157733,13.836711,26.456104,46.43
293,430,208,44.117127,14.520091,30.557308,52.55
294,466,210,44.072049,15.202381,26.814251,48.10
295,503,213,44.022511,15.883472,26.719135,50.66
296,539,216,43.968525,16.563252,25.590796,49.23
297,575,219,43.910108,17.241614,22.006962,45.44
298,612,222,43.847275,17.918452,19.925493,47.37
299,25,171,44.808376,6.958380,26.782375,33.25
300,62,171,44.812950,7.652773,24.795588,37.38
301,99,171,44.812950,8.347226,26.507317,32.02
302,136,171,44.808376,9.041619,23.178726,32.82
303,173,171,44.799229,9.735832,20.461624,37.13
304,210,172,44.785512,10.429747,17.527843,33.20
305,248,173,44.767229,11.123243,15.245571,31.53
306,285,174,44.744385,11.816203,15.751304,38.39
307,322,176,44.716986,12.508507,19.877562,45.86
308,359,178,44.685040,13.200039,20.536947,44.82
309,396,180,44.648555,13.890682,22.177967,46.95
310,433,182,44.607542,14.580319,27.636990,49.13
311,470,184,44.562012,15.268837,28.053411,49.46
312,507,187,44.511978,15.956120,26.456934,53.03
313,543,190,44.457454,16.642058,23.758774,47.13
314,580,193,44.398453,17.326539,24.509951,48.59
315,617,196,44.334994,18.009453,23.774096,45.08
316,24,145,45.301153,6.948619,30.326880,35.65
317,62,144,45.305773,7.649519,27.092779,38.85
318,99,144,45.305773,8.350480,29.340399,33.41
319,137,145,45.301153,9.051380,25.742262,31.71
320,174,145,45.291914,9.752095,23.766222,36.49
321,212,146,45.278059,10.452502,20.564959,37.74
322,249,147,45.259591,11.152480,16.225925,30.93
323,287,148,45.236517,11.851905,15.323071,34.39
324,324,150,45.208842,12.550657,16.296328,37.12
325,361,151,45.176574,13.248614,20.649702,46.58
326,399,153,45.139723,13.945657,22.702929,48.76
327,436,155,45.098298,14.641667,25.133514,51.59
328,473,158,45.052311,15.336525,24.020338,48.03
329,510,161,45.001776,16.030115,28.450972,50.99
330,548,164,44.946705,16.722322,26.848097,50.06
331,585,167,44.887115,17.413031,24.974051,51.38
332,621,170,44.823022,18.102129,24.954243,45.44
333,23,118,45.794262,6.938674,29.134190,34.29
334,61,118,45.798929,7.646203,28.970892,39.52
335,99,118,45.798929,8.353796,30.132286,37.22
336,137,118,45.794262,9.061325,26.724791,32.86
337,175,119,45.784930,9.768664,26.108652,35.99
338,213,119,45.770934,10.475687,22.800053,39.92
339,251,120,45.752281,11.182268,16.824949,34.78
340,289,122,45.728973,11.888281,16.283457,32.76
341,326,123,45.701019,12.593601,17.648170,36.47
342,364,125,45.668426,13.298104,20.883600,40.67
343,402,127,45.631204,14.001667,22.591532,45.84
344,439,129,45.589362,14.704167,24.843842,56.07
345,477,132,45.542913,15.405482,24.612976,49.72
346,515,134,45.491870,16.105494,26.833345,46.32
347,552,137,45.436247,16.804084,28.580994,48.72
348,589,141,45.376060,17.501133,26.420712,52.28
349,627,144,45.311326,18.196527,25.595516,48.94
350,23,92,46.287670,6.928539,29.653316,36.72
351,61,91,46.292384,7.642824,29.396013,37.34
352,99,91,46.292384,8.357175,29.712688,37.90
353,138,92,46.287670,9.071460,28.843885,35.71
354,176,92,46.278243,9.785550,26.774750,32.93
355,214,93,46.264106,10.499315,23.819557,35.23
356,252,94,46.245263,11.212625,18.976295,33.56
357,291,95,46.221720,11.925350,17.288284,32.58
358,329,97,46.193484,12.637363,19.234394,35.99
359,367,99,46.160561,13.348535,17.555368,34.79
360,405,101,46.122963,14.058739,22.619514,41.90
361,443,103,46.080699,14.767850,24.522068,46.56
362,481,105,46.033783,15.475744,28.781643,52.78
363,519,108,45.982226,16.182296,26.625494,44.53
364,556,111,45.926044,16.887385,27.076492,45.86
365,594,114,45.865253,17.590891,27.725386,47.22
366,632,118,45.799870,18.292694,26.768579,47.87
367,22,65,46.781342,6.918208,29.496252,38.62
368,61,65,46.786104,7.639380,29.219263,36.96
369,100,65,46.786104,8.360619,29.572252,37.79
370,138,65,46.781342,9.081791,28.415419,38.87
371,177,66,46.771820,9.802762,26.509907,34.87
372,216,67,46.757540,10.523398,25.930107,38.90
373,254,68,46.738506,11.243565,20.019138,34.56
374,293,69,46.714724,11.963132,18.442636,38.21
375,331,70,46.686201,12.681965,18.865372,37.01
376,370,72,46.652946,13.399932,20.460312,37.59
377,408,74,46.614967,14.116905,18.460789,37.65
378,446,76,46.572277,14.832752,24.274881,44.52
379,485,79,46.524886,15.547347,27.697716,45.09
380,523,82,46.472810,16.260561,30.294853,50.78
381,561,85,46.416062,16.972271,28.899078,46.47
382,599,88,46.354660,17.682351,26.216133,49.04
383,637,92,46.288621,18.390681,27.199682,43.66
384,22,39,47.275246,6.907676,30.707876,37.63
385,61,39,47.280056,7.635869,30.016727,35.64
386,100,39,47.280056,8.364130,31.127510,37.59
387,139,39,47.275246,9.092323,30.811485,40.88
388,178,39,47.265626,9.820308,28.950857,35.24
389,217,40,47.251201,10.547949,25.060654,40.76
390,256,41,47.231974,11.275108,24.781923,44.47
391,295,42,47.207951,12.001647,20.370249,46.03
392,334,44,47.179138,12.727432,24.699766,46.39
393,372,46,47.145545,13.452326,25.340305,42.76
394,411,48,47.107182,14.176196,22.254063,39.35
395,450,50,47.064059,14.898907,22.073975,44.98
396,489,53,47.016189,15.620330,25.465977,43.95
397,527,56,46.963586,16.340332,26.987520,42.56
398,566,59,46.906266,17.058785,30.759209,46.94
399,604,62,46.844245,17.775563,29.392725,44.68
400,642,65,46.777541,18.490539,27.566545,42.56
401,21,12,47.769345,6.896937,34.356243,38.64
402,61,12,47.774205,7.632288,32.259659,37.22
403,100,12,47.774205,8.367711,32.381340,36.47
404,139,12,47.769345,9.103062,32.602974,38.92
405,179,13,47.759628,9.838200,30.286186,37.06
406,218,14,47.745056,10.572983,27.697250,41.01
407,258,15,47.725632,11.307269,25.599873,42.14
408,297,16,47.701364,12.040918,22.114168,36.79
409,336,18,47.672259,12.773790,18.684982,24.99
410,375,19,47.638324,13.505744,18.346189,28.89
411,414,21,47.599571,14.236644,24.436781,36.55
412,454,24,47.556010,14.966352,18.960510,34.83
413,493,26,47.507655,15.694733,22.260517,38.03
414,531,29,47.454520,16.421652,25.191965,39.88
415,570,32,47.396620,17.146976,27.037153,41.49
416,609,36,47.333973,17.870576,32.875214,46.28
417,497,0,47.999249,15.770598,19.254814,29.63
418,536,3,47.945575,16.504566,22.756071,37.06
419,575,6,47.887088,17.236892,24.289179,39.17
420,614,9,47.823807,17.967443,27.291988,38.86
