vector_id,pixel_x,pixel_y,latitude,longitude,magnitude,alpha_deg
0,0,616,36.504607,6.500736,12.521053,-36.61
1,32,615,36.512337,7.100364,17.772331,-4.17
2,64,615,36.516202,7.700108,23.794086,9.65
3,96,615,36.516202,8.299891,25.056751,17.56
4,129,615,36.512337,8.899635,25.926565,20.57
5,161,616,36.504607,9.499263,26.478804,25.55
6,32,589,36.994759,7.093092,14.243730,-31.00
7,64,589,36.998662,7.697684,16.979380,-5.97
8,97,589,36.998662,8.302315,23.180115,11.49
9,129,589,36.994759,8.906907,25.427835,22.84
10,161,590,36.986953,9.511380,26.498188,25.03
11,194,591,36.975246,10.115655,26.600218,30.55
12,226,591,36.959642,10.719655,26.954145,31.80
13,258,592,36.940143,11.323300,26.262871,31.46
14,291,594,36.916755,11.926512,25.009678,30.33
15,323,595,36.889483,12.529213,23.953657,29.05
16,355,597,36.858333,13.131326,22.000322,28.51
17,387,599,36.823313,13.732773,20.476225,25.11
18,420,601,36.784431,14.333479,19.766920,24.31
19,452,603,36.741697,14.933367,18.449234,23.56
20,484,606,36.695120,15.532361,17.945990,23.53
21,516,608,36.644711,16.130388,17.195377,23.38
22,548,611,36.590482,16.727372,16.673594,17.49
23,580,614,36.532447,17.323242,16.579088,10.76
24,31,564,37.478018,7.085702,15.120116,-30.16
25,64,563,37.481960,7.695220,15.124490,-22.38
26,97,563,37.481960,8.304779,18.733248,2.88
27,129,564,37.478018,8.914297,22.944094,17.16
28,162,564,37.470135,9.523694,26.028795,27.45
29,195,565,37.458313,10.132888,27.230724,28.89
30,227,566,37.442554,10.741800,28.201818,32.56
31,260,567,37.422863,11.350348,27.382162,35.53
32,292,568,37.399244,11.958453,26.116890,33.02
33,325,569,37.371703,12.566034,24.561850,30.09
34,357,571,37.340247,13.173013,22.378653,28.36
35,390,573,37.304882,13.779310,22.755547,28.08
36,422,575,37.265618,14.384847,20.042185,25.69
37,455,577,37.222464,14.989545,18.937485,24.92
38,487,580,37.175430,15.593329,17.996798,22.74
39,519,583,37.124526,16.196122,17.445885,23.31
40,552,585,37.069766,16.797847,17.927076,21.37
41,584,589,37.011162,17.398431,17.546032,16.33
42,616,592,36.948729,17.997799,17.369850,12.11
43,31,538,37.962086,7.078190,16.204060,-18.94
44,64,537,37.966067,7.692716,15.101015,-22.42
45,97,537,37.966067,8.307283,15.877193,-10.41
46,130,538,37.962087,8.921809,21.555965,13.73
47,163,538,37.954126,9.536210,24.175556,22.67
48,196,539,37.942187,10.150404,26.436970,29.32
49,228,540,37.926273,10.764308,27.813824,31.09
50,261,541,37.906387,11.377840,27.894447,32.57
51,294,542,37.882536,11.990917,27.341022,36.27
52,327,543,37.854723,12.603458,24.825972,33.51
53,360,545,37.822957,13.215381,24.397625,30.10
54,392,547,37.787244,13.826606,22.758471,28.60
55,425,549,37.747593,14.437052,20.517017,26.28
56,458,552,37.704015,15.046639,19.999329,27.43
57,490,554,37.656518,15.655289,18.380917,24.91
58,523,557,37.605115,16.262924,18.380640,24.37
59,555,560,37.549818,16.869465,17.857126,20.56
60,588,563,37.490640,17.474836,17.032305,17.29
61,620,566,37.427595,18.078962,16.746292,15.72
62,31,512,38.446939,7.070554,17.817293,-8.32
63,64,511,38.450959,7.690170,15.356898,-14.79
64,97,511,38.450959,8.309829,16.439600,-16.84
65,130,512,38.446939,8.929445,17.797604,0.15
66,163,512,38.438899,9.548934,23.549429,19.06
67,196,513,38.426842,10.168210,25.701681,25.14
68,230,514,38.410771,10.787189,27.184067,31.05
69,263,515,38.390689,11.405787,27.840071,31.56
70,296,516,38.366602,12.023918,27.380617,34.66
71,329,518,38.338515,12.641500,26.918688,37.78
72,362,519,38.306435,13.258449,26.593517,32.22
73,395,521,38.270370,13.874681,22.244411,30.26
74,428,523,38.230329,14.490116,21.980797,26.38
75,461,526,38.186321,15.104671,19.756882,26.68
76,494,528,38.138358,15.718265,19.232300,25.29
77,527,531,38.086450,16.330818,17.694296,23.80
78,559,534,38.030610,16.942252,17.879066,22.43
79,592,537,37.970852,17.552486,16.768257,17.95
80,625,541,37.907190,18.161445,16.476328,15.80
81,30,486,38.932547,7.062790,18.664051,-1.07
82,64,485,38.936607,7.687582,16.116791,-4.32
83,97,485,38.936607,8.312417,14.683083,-14.74
84,131,486,38.932547,8.937209,17.487005,0.07
85,164,486,38.924428,9.561870,20.604282,11.75
86,197,487,38.912252,10.186313,25.186768,22.94
87,231,488,38.896022,10.810452,25.884262,30.27
88,264,489,38.875741,11.434199,27.895844,31.37
89,298,490,38.851416,12.057469,27.886911,32.46
90,331,492,38.823051,12.680175,27.374535,37.45
91,364,493,38.790655,13.302232,27.122610,34.49
92,398,495,38.754234,13.923555,24.020479,32.46
93,431,497,38.713798,14.544060,22.071270,29.74
94,464,500,38.669357,15.163663,20.397049,29.79
95,497,502,38.620921,15.782282,19.177601,28.45
96,530,505,38.568503,16.399834,18.633360,25.35
97,563,508,38.512115,17.016237,16.493202,24.84
98,596,511,38.451770,17.631413,15.485296,22.83
99,629,515,38.387484,18.245281,14.728798,20.00
100,30,460,39.418884,7.054895,20.994604,4.94
101,63,459,39.422985,7.684950,17.491259,3.34
102,97,459,39.422985,8.315049,14.092333,-10.33
103,131,460,39.418884,8.945104,17.777115,-5.27
104,165,460,39.410685,9.575024,20.952650,14.43
105,198,461,39.398388,10.204721,25.633366,21.26
106,232,462,39.381997,10.834106,26.507215,28.19
107,266,463,39.361516,11.463089,27.596851,32.71
108,300,464,39.336950,12.091583,27.440596,34.04
109,333,466,39.308305,12.719499,26.395401,35.31
110,367,467,39.275588,13.346749,25.617643,35.82
111,400,469,39.238808,13.973247,25.045938,34.26
112,434,471,39.197973,14.598906,22.875473,30.94
113,467,474,39.153093,15.223640,21.117929,33.76
114,501,477,39.104181,15.847365,19.083752,33.29
115,534,479,39.051246,16.469997,17.419167,31.52
116,567,482,38.994304,17.091452,15.955934,29.14
117,601,486,38.933366,17.711647,14.965017,26.56
118,634,489,38.868450,18.330503,14.315308,23.33
119,29,434,39.905922,7.046866,21.758465,7.68
120,63,433,39.910063,7.682273,18.734333,7.15
121,97,433,39.910063,8.317726,14.968356,-0.63
122,131,434,39.905922,8.953133,16.888880,-3.23
123,165,434,39.897641,9.588402,21.825726,3.71
124,199,435,39.885223,10.223442,23.167902,20.28
125,233,436,39.868669,10.858161,25.950956,24.44
126,267,437,39.847985,11.492469,27.616156,31.66
127,301,438,39.823176,12.126275,27.391130,36.33
128,335,440,39.794247,12.759488,25.533276,36.83
129,369,441,39.761207,13.392019,25.577934,37.05
130,403,443,39.724063,14.023777,24.614164,36.30
131,437,446,39.682824,14.654676,22.628143,35.71
132,471,448,39.637502,15.284627,21.259865,35.57
133,504,451,39.588107,15.913542,18.967709,35.35
134,538,453,39.534651,16.541337,18.626354,32.77
135,571,457,39.477148,17.167925,15.550193,33.28
136,605,460,39.415612,17.793222,15.715987,34.49
137,638,463,39.350057,18.417146,14.853200,30.59
138,29,407,40.393632,7.038700,21.816248,11.59
139,63,407,40.397814,7.679551,19.849962,11.12
140,98,407,40.397814,8.320448,15.710983,7.76
141,132,407,40.393632,8.961299,18.066484,3.23
142,166,408,40.385269,9.602008,20.618048,-3.45
143,200,409,40.372727,10.242483,19.698639,15.85
144,235,409,40.356009,10.882628,23.665575,27.77
145,269,411,40.335120,11.522352,25.299824,31.54
146,303,412,40.310065,12.161560,28.732264,34.77
147,337,413,40.280850,12.800160,26.054930,40.09
148,372,415,40.247482,13.438060,25.370960,39.69
149,406,417,40.209970,14.075169,25.095104,38.66
150,440,420,40.168324,14.711395,22.326376,38.64
151,474,422,40.122554,15.346649,20.678373,40.45
152,508,425,40.072671,15.980841,20.906551,35.90
153,542,428,40.018688,16.613884,17.780632,37.89
154,576,431,39.960618,17.245689,16.657814,32.61
155,609,434,39.898477,17.876171,15.289817,34.39
156,28,381,40.881986,7.030393,21.206251,15.72
157,63,381,40.886209,7.676781,20.380503,13.85
158,98,381,40.886209,8.323218,17.475439,11.86
159,132,381,40.881986,8.969606,16.432354,0.89
160,167,382,40.873539,9.615850,18.711126,-12.01
161,202,382,40.860873,10.261853,18.394655,17.09
162,236,383,40.843989,10.907518,22.233074,31.30
163,271,384,40.822892,11.552749,23.497650,33.81
164,305,386,40.797588,12.197453,25.389856,37.30
165,340,387,40.768083,12.841532,28.300220,40.44
166,374,389,40.734384,13.484893,25.662590,42.40
167,409,391,40.696501,14.127442,24.865231,42.93
168,443,393,40.654442,14.769086,23.539883,41.32
169,477,396,40.608219,15.409732,21.517694,40.02
170,512,399,40.557843,16.049290,23.845064,37.75
171,546,402,40.503328,16.687668,18.204819,38.01
172,580,405,40.444685,17.324777,17.237560,36.33
173,614,408,40.381932,17.960528,15.971706,36.40
174,28,355,41.370953,7.021940,22.447710,16.99
175,63,355,41.375219,7.673963,21.071636,15.38
176,98,355,41.375219,8.326036,17.411417,13.77
177,133,355,41.370953,8.978059,16.311695,0.44
178,168,356,41.362423,9.629933,17.162388,2.08
179,203,356,41.349630,10.281560,17.981855,20.33
180,237,357,41.332578,10.932840,22.616539,31.73
181,272,358,41.311272,11.583676,22.601456,34.45
182,307,360,41.285716,12.233969,23.662294,37.37
183,342,361,41.255918,12.883622,26.265493,41.75
184,377,363,41.221885,13.532538,25.569113,44.29
185,411,365,41.183626,14.180621,23.708624,45.32
186,446,367,41.141150,14.827775,22.977715,45.11
187,481,370,41.094469,15.473905,24.936378,40.20
188,515,373,41.043595,16.118918,21.252266,41.75
189,550,376,40.988540,16.762721,19.448784,41.21
190,584,379,40.929319,17.405222,17.001997,35.92
191,618,382,40.865946,18.046331,15.480631,35.57
192,27,329,41.860505,7.013339,21.582359,18.95
193,63,329,41.864814,7.671096,22.244623,15.88
194,98,329,41.864814,8.328903,18.072203,18.63
195,133,329,41.860505,8.986660,15.912175,3.67
196,168,329,41.851890,9.644264,14.766543,5.28
197,204,330,41.838970,10.301613,16.436293,19.49
198,239,331,41.821748,10.958608,21.455828,31.58
199,274,332,41.800229,11.615145,22.563402,34.84
200,309,333,41.774419,12.271126,22.617144,37.81
201,344,335,41.744325,12.926450,24.862623,44.44
202,379,337,41.709953,13.581017,24.831348,46.24
203,414,339,41.671314,14.234729,21.411648,47.07
204,449,341,41.628417,14.887487,24.015074,41.92
205,484,344,41.581273,15.539195,26.745388,39.29
206,519,347,41.529895,16.189756,22.101694,42.71
207,554,350,41.474295,16.839076,20.299473,41.17
208,589,353,41.414489,17.487060,18.789089,38.86
209,623,356,41.350490,18.133615,16.901636,39.21
210,27,303,42.350612,7.004586,19.733120,29.93
211,63,302,42.354963,7.668177,23.230829,20.02
212,98,302,42.354963,8.331821,18.486691,20.26
213,134,303,42.350612,8.995413,20.105621,23.62
214,169,303,42.341910,9.658848,16.460417,6.39
215,205,304,42.328861,10.322022,15.694196,16.60
216,240,305,42.311468,10.984832,20.021025,31.46
217,276,306,42.289734,11.647172,21.345055,35.66
218,311,307,42.263667,12.308940,22.587038,38.88
219,347,309,42.233272,12.970034,23.764410,46.18
220,382,311,42.198559,13.630351,24.269089,51.27
221,417,313,42.159535,14.289790,24.196907,51.79
222,453,315,42.116212,14.948250,25.136166,43.67
223,488,318,42.068600,15.605632,25.874399,43.00
224,523,320,42.016712,16.261837,22.636900,43.55
225,558,324,41.960561,16.916767,21.233095,42.76
226,593,327,41.900163,17.570326,19.501173,41.28
227,628,330,41.835532,18.222419,18.214119,40.66
228,27,276,42.841242,6.995675,20.816515,29.54
229,62,276,42.845637,7.665207,23.825085,22.00
230,98,276,42.845637,8.334792,20.838562,18.27
231,134,276,42.841242,9.004324,20.624895,22.92
232,170,277,42.832453,9.673694,15.574413,15.73
233,206,278,42.819274,10.342797,12.306334,14.82
234,242,278,42.801707,11.011524,14.857694,25.30
235,277,280,42.779756,11.679771,19.147879,37.30
236,313,281,42.753429,12.347429,21.942636,42.91
237,349,283,42.722731,13.014395,23.166819,46.97
238,385,285,42.687671,13.680564,27.166178,48.60
239,420,287,42.648259,14.345830,27.664864,49.24
240,456,289,42.604504,15.010092,25.129776,42.29
241,491,292,42.556419,15.673246,24.262028,42.48
242,527,294,42.504015,16.335192,23.967649,43.65
243,562,297,42.447308,16.995829,22.868692,43.73
244,598,301,42.386311,17.655059,20.719301,42.29
245,633,304,42.321041,18.312784,18.926672,40.17
246,26,250,43.332365,6.986604,23.316187,33.57
247,62,250,43.336804,7.662183,25.463650,27.58
248,98,250,43.336804,8.337816,23.701519,27.44
249,135,250,43.332365,9.013395,21.035763,27.34
250,171,250,43.323489,9.688808,17.633867,21.29
251,207,251,43.310177,10.363946,12.450065,15.13
252,243,252,43.292434,11.038698,14.647754,31.79
253,279,253,43.270264,11.712957,18.170168,38.84
254,315,255,43.243673,12.386611,20.885433,45.16
255,351,256,43.212669,13.059554,21.993690,48.88
256,387,258,43.177259,13.731678,29.339966,48.59
257,423,260,43.137453,14.402875,29.241650,46.90
258,459,263,43.093262,15.073041,26.171413,46.50
259,495,265,43.044698,15.742069,22.669876,44.77
260,531,268,42.991774,16.409856,24.386471,42.88
261,567,271,42.934503,17.076299,24.146055,44.98
262,602,275,42.872901,17.741297,21.175253,44.38
263,638,278,42.806984,18.404750,19.175766,45.73
264,26,224,43.823949,6.977368,25.876896,38.61
265,62,223,43.828433,7.659103,25.162596,38.15
266,99,223,43.828433,8.340896,24.636747,29.49
267,135,224,43.823949,9.022631,21.400955,26.28
268,172,224,43.814984,9.704197,19.088337,30.31
269,208,225,43.801539,10.385480,13.827593,22.66
270,245,226,43.783618,11.066367,14.440503,29.87
271,281,227,43.761226,11.746746,17.125072,37.82
272,317,228,43.734369,12.426505,20.223457,47.74
273,354,230,43.703054,13.105533,24.746086,50.01
274,390,232,43.667290,13.783719,27.218519,49.23
275,426,234,43.627087,14.460953,31.802114,48.64
276,463,237,43.582455,15.137127,29.309589,46.83
277,499,239,43.533406,15.812133,25.172655,45.69
278,535,242,43.479955,16.485864,24.833611,43.42
279,571,245,43.422114,17.158215,25.612946,44.77
280,607,249,43.359900,17.829081,21.735977,43.90
281,643,252,43.293329,18.498361,18.350624,46.15
282,25,197,44.315964,6.967961,26.480036,34.48
283,62,197,44.320492,7.655967,25.800013,36.11
284,99,197,44.320492,8.344032,25.430628,34.38
285,136,197,44.315964,9.032038,24.337294,29.40
286,172,198,44.306908,9.719869,21.318480,31.23
287,209,199,44.293328,10.407410,14.269209,36.85
288,246,200,44.275227,11.094544,15.845258,40.00
289,283,201,44.252610,11.781156,19.006733,41.11
290,320,202,44.225484,12.467130,21.446201,47.07
291,356,204,44.193855,13.152353,23.383101,48.02
292,393,206,44.157733,13.836711,25.027168,45.60
293,430,208,44.117127,14.520091,30.182413,49.27
294,466,210,44.072049,15.202381,30.173719,48.53
295,503,213,44.022511,15.883472,26.434519,45.10
296,539,216,43.968525,16.563252,24.794886,45.54
297,575,219,43.910108,17.241614,23.401659,44.99
298,612,222,43.847275,17.918452,20.559950,47.14
299,25,171,44.808376,6.958380,24.366779,33.41
300,62,171,44.812950,7.652773,24.179766,41.15
301,99,171,44.812950,8.347226,26.655272,39.38
302,136,171,44.808376,9.041619,25.454365,33.50
303,173,171,44.799229,9.735832,24.904823,39.17
304,210,172,44.785512,10.429747,20.628416,39.14
305,248,173,44.767229,11.123243,16.205927,34.76
306,285,174,44.744385,11.816203,17.854399,38.57
307,322,176,44.716986,12.508507,20.721607,43.08
308,359,178,44.685040,13.200039,20.485418,46.40
309,396,180,44.648555,13.890682,22.583591,43.49
310,433,182,44.607542,14.580319,26.313795,46.51
311,470,184,44.562012,15.268837,30.186298,51.29
312,507,187,44.511978,15.956120,25.774363,46.33
313,543,190,44.457454,16.642058,23.750332,46.31
314,580,193,44.398453,17.326539,25.293995,48.55
315,617,196,44.334994,18.009453,24.968018,46.61
316,24,145,45.301153,6.948619,30.416782,41.01
317,62,144,45.305773,7.649519,26.351976,41.88
318,99,144,45.305773,8.350480,25.502050,42.41
319,137,145,45.301153,9.051380,27.890003,40.51
320,174,145,45.291914,9.752095,25.946211,34.45
321,212,146,45.278059,10.452502,22.687593,39.10
322,249,147,45.259591,11.152480,17.747004,35.54
323,287,148,45.236517,11.851905,14.852030,33.22
324,324,150,45.208842,12.550657,17.171810,39.04
325,361,151,45.176574,13.248614,21.168375,43.70
326,399,153,45.139723,13.945657,20.511353,47.84
327,436,155,45.098298,14.641667,23.133953,49.61
328,473,158,45.052311,15.336525,26.288469,50.91
329,510,161,45.001776,16.030115,27.368717,50.74
330,548,164,44.946705,16.722322,27.408930,52.22
331,585,167,44.887115,17.413031,25.692120,52.10
332,621,170,44.823022,18.102129,26.119951,45.30
333,23,118,45.794262,6.938674,33.163708,40.97
334,61,118,45.798929,7.646203,31.541637,42.86
335,99,118,45.798929,8.353796,28.595705,44.04
336,137,118,45.794262,9.061325,29.531725,38.69
337,175,119,45.784930,9.768664,26.969721,32.90
338,213,119,45.770934,10.475687,25.730947,36.80
339,251,120,45.752281,11.182268,20.848471,41.19
340,289,122,45.728973,11.888281,15.987145,32.03
341,326,123,45.701019,12.593601,17.674677,35.08
342,364,125,45.668426,13.298104,17.294855,37.50
343,402,127,45.631204,14.001667,22.199762,44.16
344,439,129,45.589362,14.704167,21.843622,50.19
345,477,132,45.542913,15.405482,23.597055,52.93
346,515,134,45.491870,16.105494,26.842724,49.22
347,552,137,45.436247,16.804084,28.130718,51.38
348,589,141,45.376060,17.501133,26.275908,53.28
349,627,144,45.311326,18.196527,25.549271,51.37
350,23,92,46.287670,6.928539,33.061825,37.88
351,61,91,46.292384,7.642824,31.888969,40.96
352,99,91,46.292384,8.357175,29.542833,43.19
353,138,92,46.287670,9.071460,30.020210,41.73
354,176,92,46.278243,9.785550,29.861782,36.09
355,214,93,46.264106,10.499315,24.854509,36.49
356,252,94,46.245263,11.212625,23.274912,41.29
357,291,95,46.221720,11.925350,17.915312,36.93
358,329,97,46.193484,12.637363,17.894909,32.67
359,367,99,46.160561,13.348535,18.803057,36.40
360,405,101,46.122963,14.058739,17.449766,38.41
361,443,103,46.080699,14.767850,21.309231,50.26
362,481,105,46.033783,15.475744,25.129063,55.33
363,519,108,45.982226,16.182296,24.479242,45.68
364,556,111,45.926044,16.887385,27.032843,46.76
365,594,114,45.865253,17.590891,27.799011,50.51
366,632,118,45.799870,18.292694,27.302799,51.79
367,22,65,46.781342,6.918208,32.191795,36.49
368,61,65,46.786104,7.639380,31.103422,44.56
369,100,65,46.786104,8.360619,28.991501,42.02
370,138,65,46.781342,9.081791,28.375648,41.36
371,177,66,46.771820,9.802762,29.090260,37.28
372,216,67,46.757540,10.523398,25.164185,34.65
373,254,68,46.738506,11.243565,24.151163,39.49
374,293,69,46.714724,11.963132,21.149702,39.74
375,331,70,46.686201,12.681965,18.351414,35.61
376,370,72,46.652946,13.399932,18.725708,36.07
377,408,74,46.614967,14.116905,18.043884,38.84
378,446,76,46.572277,14.832752,22.830137,47.01
379,485,79,46.524886,15.547347,26.006638,46.89
380,523,82,46.472810,16.260561,29.131159,53.70
381,561,85,46.416062,16.972271,26.985016,47.36
382,599,88,46.354660,17.682351,27.314690,47.18
383,637,92,46.288621,18.390681,27.854475,49.12
384,22,39,47.275246,6.907676,30.928577,36.46
385,61,39,47.280056,7.635869,30.888199,40.31
386,100,39,47.280056,8.364130,28.904469,43.02
387,139,39,47.275246,9.092323,29.601494,44.78
388,178,39,47.265626,9.820308,29.991745,41.04
389,217,40,47.251201,10.547949,27.135273,41.37
390,256,41,47.231974,11.275108,28.408642,45.38
391,295,42,47.207951,12.001647,24.297340,48.59
392,334,44,47.179138,12.727432,24.660088,47.92
393,372,46,47.145545,13.452326,24.431971,45.10
394,411,48,47.107182,14.176196,23.606756,42.64
395,450,50,47.064059,14.898907,20.573448,46.35
396,489,53,47.016189,15.620330,25.034790,46.54
397,527,56,46.963586,16.340332,27.710262,45.76
398,566,59,46.906266,17.058785,28.818354,48.51
399,604,62,46.844245,17.775563,28.297382,46.37
400,642,65,46.777541,18.490539,26.024616,47.78
401,21,12,47.769345,6.896937,32.939449,37.12
402,61,12,47.774205,7.632288,32.090431,37.03
403,100,12,47.774205,8.367711,30.344080,41.26
404,139,12,47.769345,9.103062,30.018406,42.48
405,179,13,47.759628,9.838200,30.052504,44.28
406,218,14,47.745056,10.572983,28.540621,40.86
407,258,15,47.725632,11.307269,26.409943,41.24
408,297,16,47.701364,12.040918,26.021391,43.57
409,336,18,47.672259,12.773790,20.079775,34.85
410,375,19,47.638324,13.505744,14.389008,25.38
411,414,21,47.599571,14.236644,18.909605,31.94
412,454,24,47.556010,14.966352,22.607410,36.57
413,493,26,47.507655,15.694733,20.698143,37.23
414,531,29,47.454520,16.421652,25.330521,43.58
415,570,32,47.396620,17.146976,27.335705,43.91
416,609,36,47.333973,17.870576,31.013786,47.95
417,497,0,47.999249,15.770598,21.063749,36.93
418,536,3,47.945575,16.504566,22.097237,40.36
419,575,6,47.887088,17.236892,24.347317,40.48
420,614,9,47.823807,17.967443,26.363262,39.67
