vector_id,pixel_x,pixel_y,latitude,longitude,magnitude,alpha_deg
0,0,616,36.504607,6.500736,18.663122,1.56
1,32,615,36.512337,7.100364,17.716192,-2.51
2,64,615,36.516202,7.700108,18.097599,-6.13
3,96,615,36.516202,8.299891,18.169884,-10.84
4,129,615,36.512337,8.899635,17.688410,-10.70
5,161,616,36.504607,9.499263,17.252417,-11.76
6,32,589,36.994759,7.093092,19.764797,-1.30
7,64,589,36.998662,7.697684,18.781080,-3.09
8,97,589,36.998662,8.302315,18.058056,-7.09
9,129,589,36.994759,8.906907,17.603045,-9.11
10,161,590,36.986953,9.511380,17.556358,-10.12
11,194,591,36.975246,10.115655,17.211832,-11.90
12,226,591,36.959642,10.719655,15.729626,-10.95
13,258,592,36.940143,11.323300,13.358642,-12.05
14,291,594,36.916755,11.926512,14.347147,-19.13
15,323,595,36.889483,12.529213,10.725797,-30.00
16,355,597,36.858333,13.131326,11.684733,-41.70
17,387,599,36.823313,13.732773,12.397986,-55.99
18,420,601,36.784431,14.333479,13.057726,-67.84
19,452,603,36.741697,14.933367,14.899184,-77.85
20,484,606,36.695120,15.532361,16.905539,-82.01
21,516,608,36.644711,16.130388,17.007521,-86.29
22,548,611,36.590482,16.727372,16.093363,-94.20
23,580,614,36.532447,17.323242,16.245409,-102.65
24,31,564,37.478018,7.085702,17.165171,-1.39
25,64,563,37.481960,7.695220,17.014465,-3.18
26,97,563,37.481960,8.304779,16.578360,-7.16
27,129,564,37.478018,8.914297,17.224020,-10.89
28,162,564,37.470135,9.523694,16.965437,-11.16
29,195,565,37.458313,10.132888,16.470556,-10.34
30,227,566,37.442554,10.741800,15.273140,-8.65
31,260,567,37.422863,11.350348,13.778186,-5.99
32,292,568,37.399244,11.958453,14.019765,-14.80
33,325,569,37.371703,12.566034,10.127354,-21.30
34,357,571,37.340247,13.173013,10.539083,-35.74
35,390,573,37.304882,13.779310,11.573999,-51.50
36,422,575,37.265618,14.384847,12.070135,-58.68
37,455,577,37.222464,14.989545,13.207992,-73.85
38,487,580,37.175430,15.593329,15.286409,-80.88
39,519,583,37.124526,16.196122,16.715252,-83.53
40,552,585,37.069766,16.797847,16.118658,-89.06
41,584,589,37.011162,17.398431,14.853735,-100.67
42,616,592,36.948729,17.997799,14.811662,-103.51
43,31,538,37.962086,7.078190,16.376841,-0.87
44,64,537,37.966067,7.692716,16.741741,-3.01
45,97,537,37.966067,8.307283,17.020237,-7.08
46,130,538,37.962087,8.921809,16.216413,-9.20
47,163,538,37.954126,9.536210,15.813539,-11.99
48,196,539,37.942187,10.150404,15.405062,-9.94
49,228,540,37.926273,10.764308,14.922451,-4.38
50,261,541,37.906387,11.377840,13.678350,-3.40
51,294,542,37.882536,11.990917,13.555210,-9.75
52,327,543,37.854723,12.603458,10.820074,-11.89
53,360,545,37.822957,13.215381,9.962151,-30.56
54,392,547,37.787244,13.826606,10.371479,-46.37
55,425,549,37.747593,14.437052,11.180987,-55.57
56,458,552,37.704015,15.046639,11.767102,-61.52
57,490,554,37.656518,15.655289,13.581288,-75.48
58,523,557,37.605115,16.262924,15.546045,-80.29
59,555,560,37.549818,16.869465,16.137516,-85.22
60,588,563,37.490640,17.474836,13.938565,-93.95
61,620,566,37.427595,18.078962,14.720661,-101.35
62,31,512,38.446939,7.070554,17.699528,0.37
63,64,511,38.450959,7.690170,16.361370,-3.76
64,97,511,38.450959,8.309829,16.420454,-5.25
65,130,512,38.446939,8.929445,15.975674,-6.12
66,163,512,38.438899,9.548934,15.725483,-11.31
67,196,513,38.426842,10.168210,15.030834,-8.15
68,230,514,38.410771,10.787189,14.704061,-3.03
69,263,515,38.390689,11.405787,12.821560,-0.82
70,296,516,38.366602,12.023918,12.136089,-1.34
71,329,518,38.338515,12.641500,12.072084,-5.73
72,362,519,38.306435,13.258449,8.855922,-23.63
73,395,521,38.270370,13.874681,9.536255,-38.14
74,428,523,38.230329,14.490116,10.241139,-54.78
75,461,526,38.186321,15.104671,11.633460,-59.08
76,494,528,38.138358,15.718265,12.248148,-68.52
77,527,531,38.086450,16.330818,14.445207,-76.37
78,559,534,38.030610,16.942252,15.428720,-84.54
79,592,537,37.970852,17.552486,14.390428,-86.69
80,625,541,37.907190,18.161445,13.202837,-95.24
81,30,486,38.932547,7.062790,18.213907,-2.97
82,64,485,38.936607,7.687582,17.521070,-2.54
83,97,485,38.936607,8.312417,16.146580,-6.05
84,131,486,38.932547,8.937209,15.651770,-8.19
85,164,486,38.924428,9.561870,15.719514,-8.64
86,197,487,38.912252,10.186313,15.358809,-6.11
87,231,488,38.896022,10.810452,14.834943,-1.48
88,264,489,38.875741,11.434199,12.715010,3.03
89,298,490,38.851416,12.057469,11.690917,10.48
90,331,492,38.823051,12.680175,12.906035,-2.43
91,364,493,38.790655,13.302232,8.157741,-13.23
92,398,495,38.754234,13.923555,9.513165,-27.59
93,431,497,38.713798,14.544060,9.622149,-52.87
94,464,500,38.669357,15.163663,11.195444,-56.68
95,497,502,38.620921,15.782282,11.471017,-61.14
96,530,505,38.568503,16.399834,11.748096,-70.89
97,563,508,38.512115,17.016237,14.914976,-77.58
98,596,511,38.451770,17.631413,14.395443,-80.61
99,629,515,38.387484,18.245281,12.815707,-89.90
100,30,460,39.418884,7.054895,17.388872,-4.64
101,63,459,39.422985,7.684950,16.948757,-6.44
102,97,459,39.422985,8.315049,16.812656,-5.25
103,131,460,39.418884,8.945104,15.400690,-8.08
104,165,460,39.410685,9.575024,15.480639,-5.08
105,198,461,39.398388,10.204721,15.275711,-4.78
106,232,462,39.381997,10.834106,15.397101,-1.06
107,266,463,39.361516,11.463089,13.636070,5.20
108,300,464,39.336950,12.091583,12.718547,9.32
109,333,466,39.308305,12.719499,12.625451,-1.13
110,367,467,39.275588,13.346749,8.971683,-6.04
111,400,469,39.238808,13.973247,9.153557,-19.05
112,434,471,39.197973,14.598906,9.778273,-39.25
113,467,474,39.153093,15.223640,10.591079,-52.18
114,501,477,39.104181,15.847365,11.409739,-58.40
115,534,479,39.051246,16.469997,11.545428,-61.47
116,567,482,38.994304,17.091452,13.515427,-67.51
117,601,486,38.933366,17.711647,13.970279,-75.27
118,634,489,38.868450,18.330503,12.651309,-82.89
119,29,434,39.905922,7.046866,17.516768,2.20
120,63,433,39.910063,7.682273,15.987810,-1.50
121,97,433,39.910063,8.317726,16.102449,-2.89
122,131,434,39.905922,8.953133,14.532998,-4.50
123,165,434,39.897641,9.588402,14.657206,-3.17
124,199,435,39.885223,10.223442,14.247494,-5.00
125,233,436,39.868669,10.858161,14.759365,-0.85
126,267,437,39.847985,11.492469,13.623807,2.98
127,301,438,39.823176,12.126275,13.425632,5.70
128,335,440,39.794247,12.759488,11.280993,13.77
129,369,441,39.761207,13.392019,13.064402,0.05
130,403,443,39.724063,14.023777,9.252999,-12.90
131,437,446,39.682824,14.654676,9.983249,-24.72
132,471,448,39.637502,15.284627,10.735044,-42.67
133,504,451,39.588107,15.913542,11.108297,-52.33
134,538,453,39.534651,16.541337,11.193054,-56.37
135,571,457,39.477148,17.167925,12.345857,-62.71
136,605,460,39.415612,17.793222,13.232653,-67.46
137,638,463,39.350057,18.417146,12.485659,-70.87
138,29,407,40.393632,7.038700,19.084139,7.39
139,63,407,40.397814,7.679551,16.132715,3.33
140,98,407,40.397814,8.320448,15.622545,-1.76
141,132,407,40.393632,8.961299,15.632957,-2.73
142,166,408,40.385269,9.602008,14.355851,-2.71
143,200,409,40.372727,10.242483,13.502954,-3.16
144,235,409,40.356009,10.882628,13.545468,4.39
145,269,411,40.335120,11.522352,13.744739,2.95
146,303,412,40.310065,12.161560,13.379742,3.17
147,337,413,40.280850,12.800160,12.377936,16.96
148,372,415,40.247482,13.438060,11.261918,5.96
149,406,417,40.209970,14.075169,10.811049,-12.26
150,440,420,40.168324,14.711395,10.287378,-15.73
151,474,422,40.122554,15.346649,10.924332,-29.21
152,508,425,40.072671,15.980841,10.851869,-42.58
153,542,428,40.018688,16.613884,11.128699,-53.05
154,576,431,39.960618,17.245689,11.566999,-57.16
155,609,434,39.898477,17.876171,12.401434,-62.84
156,28,381,40.881986,7.030393,21.170626,10.17
157,63,381,40.886209,7.676781,18.350016,7.59
158,98,381,40.886209,8.323218,16.795214,0.95
159,132,381,40.881986,8.969606,15.696535,1.73
160,167,382,40.873539,9.615850,15.132349,1.79
161,202,382,40.860873,10.261853,13.973354,0.60
162,236,383,40.843989,10.907518,13.921698,3.32
163,271,384,40.822892,11.552749,13.565198,6.34
164,305,386,40.797588,12.197453,14.460766,9.38
165,340,387,40.768083,12.841532,14.558578,14.88
166,374,389,40.734384,13.484893,13.031085,18.20
167,409,391,40.696501,14.127442,12.342112,-2.54
168,443,393,40.654442,14.769086,11.999013,-8.63
169,477,396,40.608219,15.409732,11.406713,-19.00
170,512,399,40.557843,16.049290,10.989503,-36.59
171,546,402,40.503328,16.687668,11.175162,-45.25
172,580,405,40.444685,17.324777,11.411974,-53.35
173,614,408,40.381932,17.960528,11.785536,-59.10
174,28,355,41.370953,7.021940,24.861094,12.52
175,63,355,41.375219,7.673963,22.738178,10.14
176,98,355,41.375219,8.326036,19.545820,8.29
177,133,355,41.370953,8.978059,17.871273,5.23
178,168,356,41.362423,9.629933,16.571882,5.41
179,203,356,41.349630,10.281560,16.022511,4.06
180,237,357,41.332578,10.932840,14.996677,2.82
181,272,358,41.311272,11.583676,14.412368,6.62
182,307,360,41.285716,12.233969,15.559752,10.55
183,342,361,41.255918,12.883622,15.672655,9.25
184,377,363,41.221885,13.532538,14.239342,12.09
185,411,365,41.183626,14.180621,11.752088,10.09
186,446,367,41.141150,14.827775,13.507040,-0.78
187,481,370,41.094469,15.473905,11.853709,-14.11
188,515,373,41.043595,16.118918,11.255596,-28.66
189,550,376,40.988540,16.762721,12.207777,-36.38
190,584,379,40.929319,17.405222,11.479198,-48.23
191,618,382,40.865946,18.046331,11.146362,-51.52
192,27,329,41.860505,7.013339,25.288263,16.71
193,63,329,41.864814,7.671096,24.264416,15.88
194,98,329,41.864814,8.328903,23.141560,14.23
195,133,329,41.860505,8.986660,20.894299,10.13
196,168,329,41.851890,9.644264,18.990089,9.94
197,204,330,41.838970,10.301613,17.526426,7.39
198,239,331,41.821748,10.958608,16.320679,5.26
199,274,332,41.800229,11.615145,16.166073,4.97
200,309,333,41.774419,12.271126,15.601739,9.91
201,344,335,41.744325,12.926450,16.120302,11.25
202,379,337,41.709953,13.581017,14.955089,14.74
203,414,339,41.671314,14.234729,14.589253,14.18
204,449,341,41.628417,14.887487,14.307298,5.47
205,484,344,41.581273,15.539195,13.147055,-6.43
206,519,347,41.529895,16.189756,12.393862,-17.59
207,554,350,41.474295,16.839076,13.220765,-31.69
208,589,353,41.414489,17.487060,11.608569,-38.82
209,623,356,41.350490,18.133615,11.869839,-45.24
210,27,303,42.350612,7.004586,29.259153,18.77
211,63,302,42.354963,7.668177,25.547911,20.83
212,98,302,42.354963,8.331821,24.838657,17.18
213,134,303,42.350612,8.995413,24.192759,16.75
214,169,303,42.341910,9.658848,22.047346,13.09
215,205,304,42.328861,10.322022,20.185631,12.78
216,240,305,42.311468,10.984832,17.841215,9.40
217,276,306,42.289734,11.647172,18.592348,6.87
218,311,307,42.263667,12.308940,17.452454,9.07
219,347,309,42.233272,12.970034,17.701403,12.85
220,382,311,42.198559,13.630351,17.017853,18.58
221,417,313,42.159535,14.289790,15.992273,16.96
222,453,315,42.116212,14.948250,15.563000,7.11
223,488,318,42.068600,15.605632,14.539834,-1.12
224,523,320,42.016712,16.261837,13.699765,-12.31
225,558,324,41.960561,16.916767,13.879975,-24.06
226,593,327,41.900163,17.570326,12.432803,-32.88
227,628,330,41.835532,18.222419,12.952691,-40.80
228,27,276,42.841242,6.995675,28.018160,20.28
229,62,276,42.845637,7.665207,27.775942,20.24
230,98,276,42.845637,8.334792,26.916918,19.50
231,134,276,42.841242,9.004324,25.820227,18.81
232,170,277,42.832453,9.673694,24.606033,18.48
233,206,278,42.819274,10.342797,22.059469,16.89
234,242,278,42.801707,11.011524,20.086979,14.59
235,277,280,42.779756,11.679771,20.654617,9.51
236,313,281,42.753429,12.347429,19.196297,9.63
237,349,283,42.722731,13.014395,18.930735,15.81
238,385,285,42.687671,13.680564,17.009634,20.71
239,420,287,42.648259,14.345830,17.288969,16.56
240,456,289,42.604504,15.010092,15.741837,7.27
241,491,292,42.556419,15.673246,15.967028,1.83
242,527,294,42.504015,16.335192,14.841767,-9.02
243,562,297,42.447308,16.995829,14.472059,-19.93
244,598,301,42.386311,17.655059,14.463359,-24.47
245,633,304,42.321041,18.312784,14.164279,-34.88
246,26,250,43.332365,6.986604,25.078075,22.21
247,62,250,43.336804,7.662183,24.840710,22.52
248,98,250,43.336804,8.337816,24.910383,25.52
249,135,250,43.332365,9.013395,25.899857,27.16
250,171,250,43.323489,9.688808,25.608980,25.35
251,207,251,43.310177,10.363946,23.918837,21.30
252,243,252,43.292434,11.038698,21.725372,19.18
253,279,253,43.270264,11.712957,21.079107,13.80
254,315,255,43.243673,12.386611,20.040440,12.20
255,351,256,43.212669,13.059554,19.175856,18.91
256,387,258,43.177259,13.731678,18.597422,21.26
257,423,260,43.137453,14.402875,17.598412,16.03
258,459,263,43.093262,15.073041,17.518358,10.78
259,495,265,43.044698,15.742069,17.355486,2.98
260,531,268,42.991774,16.409856,17.024603,-7.19
261,567,271,42.934503,17.076299,15.916373,-12.04
262,602,275,42.872901,17.741297,15.875048,-19.62
263,638,278,42.806984,18.404750,15.239663,-27.39
264,26,224,43.823949,6.977368,21.836706,20.00
265,62,223,43.828433,7.659103,23.358419,22.54
266,99,223,43.828433,8.340896,24.477039,26.95
267,135,224,43.823949,9.022631,25.467600,29.52
268,172,224,43.814984,9.704197,26.121914,28.54
269,208,225,43.801539,10.385480,22.932550,26.25
270,245,226,43.783618,11.066367,21.253735,23.35
271,281,227,43.761226,11.746746,21.083683,17.99
272,317,228,43.734369,12.426505,20.532944,17.23
273,354,230,43.703054,13.105533,19.020632,21.08
274,390,232,43.667290,13.783719,19.537106,20.80
275,426,234,43.627087,14.460953,19.133217,18.54
276,463,237,43.582455,15.137127,19.745367,8.79
277,499,239,43.533406,15.812133,19.432655,2.38
278,535,242,43.479955,16.485864,18.696440,-6.34
279,571,245,43.422114,17.158215,17.262096,-8.19
280,607,249,43.359900,17.829081,15.940442,-16.66
281,643,252,43.293329,18.498361,15.137788,-20.62
282,25,197,44.315964,6.967961,19.611071,17.25
283,62,197,44.320492,7.655967,24.361576,23.40
284,99,197,44.320492,8.344032,25.159094,25.67
285,136,197,44.315964,9.032038,24.313759,29.99
286,172,198,44.306908,9.719869,23.535152,30.99
287,209,199,44.293328,10.407410,21.782473,31.94
288,246,200,44.275227,11.094544,21.543339,27.28
289,283,201,44.252610,11.781156,21.456022,20.27
290,320,202,44.225484,12.467130,20.920734,23.94
291,356,204,44.193855,13.152353,19.630102,22.46
292,393,206,44.157733,13.836711,19.281570,22.25
293,430,208,44.117127,14.520091,20.459305,19.44
294,466,210,44.072049,15.202381,20.173897,13.56
295,503,213,44.022511,15.883472,18.780470,6.60
296,539,216,43.968525,16.563252,16.817680,0.72
297,575,219,43.910108,17.241614,16.509136,-9.61
298,612,222,43.847275,17.918452,15.863025,-16.01
299,25,171,44.808376,6.958380,18.167814,14.34
300,62,171,44.812950,7.652773,21.352970,18.50
301,99,171,44.812950,8.347226,24.460901,26.37
302,136,171,44.808376,9.041619,24.631765,32.97
303,173,171,44.799229,9.735832,23.323870,36.99
304,210,172,44.785512,10.429747,22.165209,30.63
305,248,173,44.767229,11.123243,23.243299,28.15
306,285,174,44.744385,11.816203,21.930330,23.72
307,322,176,44.716986,12.508507,20.828619,24.36
308,359,178,44.685040,13.200039,21.662254,23.07
309,396,180,44.648555,13.890682,21.112122,22.26
310,433,182,44.607542,14.580319,21.686005,19.68
311,470,184,44.562012,15.268837,20.369532,10.49
312,507,187,44.511978,15.956120,19.412493,7.55
313,543,190,44.457454,16.642058,17.798990,0.90
314,580,193,44.398453,17.326539,15.813539,-11.99
315,617,196,44.334994,18.009453,16.612284,-15.50
316,24,145,45.301153,6.948619,18.368385,8.51
317,62,144,45.305773,7.649519,19.745972,14.16
318,99,144,45.305773,8.350480,23.159706,29.65
319,137,145,45.301153,9.051380,24.225891,40.54
320,174,145,45.291914,9.752095,22.359486,37.26
321,212,146,45.278059,10.452502,23.816181,33.30
322,249,147,45.259591,11.152480,24.059465,27.82
323,287,148,45.236517,11.851905,21.683523,24.48
324,324,150,45.208842,12.550657,20.772064,28.60
325,361,151,45.176574,13.248614,20.752129,21.98
326,399,153,45.139723,13.945657,23.545725,22.08
327,436,155,45.098298,14.641667,21.025953,16.35
328,473,158,45.052311,15.336525,19.156494,11.77
329,510,161,45.001776,16.030115,17.882364,4.70
330,548,164,44.946705,16.722322,17.187822,-3.25
331,585,167,44.887115,17.413031,17.906242,-13.60
332,621,170,44.823022,18.102129,19.106596,-13.13
333,23,118,45.794262,6.938674,18.429482,16.46
334,61,118,45.798929,7.646203,17.685846,17.52
335,99,118,45.798929,8.353796,21.154047,26.83
336,137,118,45.794262,9.061325,25.341629,43.97
337,175,119,45.784930,9.768664,22.865507,39.77
338,213,119,45.770934,10.475687,24.458855,34.73
339,251,120,45.752281,11.182268,24.025980,29.74
340,289,122,45.728973,11.888281,24.711771,26.00
341,326,123,45.701019,12.593601,22.053499,26.51
342,364,125,45.668426,13.298104,21.707729,24.93
343,402,127,45.631204,14.001667,21.656984,26.45
344,439,129,45.589362,14.704167,19.703878,21.86
345,477,132,45.542913,15.405482,18.677307,17.40
346,515,134,45.491870,16.105494,16.601391,10.92
347,552,137,45.436247,16.804084,16.962900,0.16
348,589,141,45.376060,17.501133,18.375711,-10.09
349,627,144,45.311326,18.196527,18.017023,-11.58
350,23,92,46.287670,6.928539,21.244177,23.94
351,61,91,46.292384,7.642824,18.015148,24.26
352,99,91,46.292384,8.357175,19.505259,26.99
353,138,92,46.287670,9.071460,25.366756,39.71
354,176,92,46.278243,9.785550,28.022642,43.37
355,214,93,46.264106,10.499315,24.423416,38.84
356,252,94,46.245263,11.212625,24.020613,32.98
357,291,95,46.221720,11.925350,25.511135,23.26
358,329,97,46.193484,12.637363,24.734640,24.79
359,367,99,46.160561,13.348535,22.806416,26.58
360,405,101,46.122963,14.058739,21.544188,28.27
361,443,103,46.080699,14.767850,20.824701,24.66
362,481,105,46.033783,15.475744,20.065842,18.34
363,519,108,45.982226,16.182296,18.716251,8.56
364,556,111,45.926044,16.887385,18.660717,1.26
365,594,114,45.865253,17.590891,18.499561,-4.77
366,632,118,45.799870,18.292694,19.429558,-8.45
367,22,65,46.781342,6.918208,23.787308,23.92
368,61,65,46.786104,7.639380,20.339823,25.80
369,100,65,46.786104,8.360619,18.259806,29.24
370,138,65,46.781342,9.081791,24.356550,32.28
371,177,66,46.771820,9.802762,30.548143,40.25
372,216,67,46.757540,10.523398,25.060444,37.87
373,254,68,46.738506,11.243565,25.786818,35.72
374,293,69,46.714724,11.963132,24.148140,31.49
375,331,70,46.686201,12.681965,23.453676,25.70
376,370,72,46.652946,13.399932,21.185192,27.29
377,408,74,46.614967,14.116905,23.791077,28.61
378,446,76,46.572277,14.832752,22.873627,27.05
379,485,79,46.524886,15.547347,22.368320,23.77
380,523,82,46.472810,16.260561,22.247692,14.90
381,561,85,46.416062,16.972271,21.359955,4.20
382,599,88,46.354660,17.682351,19.178497,-3.31
383,637,92,46.288621,18.390681,19.990446,-7.74
384,22,39,47.275246,6.907676,28.300833,26.84
385,61,39,47.280056,7.635869,23.356087,27.90
386,100,39,47.280056,8.364130,19.713770,27.55
387,139,39,47.275246,9.092323,20.902805,32.27
388,178,39,47.265626,9.820308,27.243898,33.38
389,217,40,47.251201,10.547949,29.882147,34.29
390,256,41,47.231974,11.275108,28.891010,36.86
391,295,42,47.207951,12.001647,25.853039,33.84
392,334,44,47.179138,12.727432,24.938004,27.78
393,372,46,47.145545,13.452326,25.166836,25.83
394,411,48,47.107182,14.176196,25.845106,23.34
395,450,50,47.064059,14.898907,26.550779,21.46
396,489,53,47.016189,15.620330,25.913532,18.05
397,527,56,46.963586,16.340332,25.217848,12.57
398,566,59,46.906266,17.058785,22.885708,5.00
399,604,62,46.844245,17.775563,20.617481,-0.33
400,642,65,46.777541,18.490539,22.967043,-6.39
401,21,12,47.769345,6.896937,30.862776,29.47
402,61,12,47.774205,7.632288,27.351789,27.46
403,100,12,47.774205,8.367711,22.734653,29.02
404,139,12,47.769345,9.103062,21.189074,26.88
405,179,13,47.759628,9.838200,24.385530,36.08
406,218,14,47.745056,10.572983,28.402231,33.60
407,258,15,47.725632,11.307269,30.797401,30.89
408,297,16,47.701364,12.040918,28.764822,28.82
409,336,18,47.672259,12.773790,27.143076,26.13
410,375,19,47.638324,13.505744,27.146263,27.30
411,414,21,47.599571,14.236644,26.743399,23.81
412,454,24,47.556010,14.966352,28.148552,19.25
413,493,26,47.507655,15.694733,27.885124,14.13
414,531,29,47.454520,16.421652,26.483889,7.90
415,570,32,47.396620,17.146976,25.795654,3.69
416,609,36,47.333973,17.870576,25.228109,-0.65
417,497,0,47.999249,15.770598,30.201513,12.01
418,536,3,47.945575,16.504566,28.897194,5.14
419,575,6,47.887088,17.236892,28.156906,1.70
420,614,9,47.823807,17.967443,27.090176,0.31
