vector_id,pixel_x,pixel_y,latitude,longitude,magnitude,alpha_deg
0,0,616,36.504607,6.500736,24.899837,10.94
1,32,615,36.512337,7.100364,25.280357,19.02
2,64,615,36.516202,7.700108,26.500839,21.67
3,96,615,36.516202,8.299891,24.964321,24.85
4,129,615,36.512337,8.899635,25.619341,26.19
5,161,616,36.504607,9.499263,24.004627,28.52
6,32,589,36.994759,7.093092,23.880262,18.65
7,64,589,36.998662,7.697684,24.829021,23.28
8,97,589,36.998662,8.302315,25.329416,25.78
9,129,589,36.994759,8.906907,25.875578,26.55
10,161,590,36.986953,9.511380,26.217289,27.53
11,194,591,36.975246,10.115655,24.410284,30.83
12,226,591,36.959642,10.719655,22.859056,27.18
13,258,592,36.940143,11.323300,21.502571,24.74
14,291,594,36.916755,11.926512,19.921507,23.03
15,323,595,36.889483,12.529213,20.025686,20.56
16,355,597,36.858333,13.131326,19.532640,18.57
17,387,599,36.823313,13.732773,19.326914,18.45
18,420,601,36.784431,14.333479,19.985325,17.98
19,452,603,36.741697,14.933367,19.896849,14.13
20,484,606,36.695120,15.532361,19.909967,11.95
21,516,608,36.644711,16.130388,20.161180,12.11
22,548,611,36.590482,16.727372,19.589050,7.41
23,580,614,36.532447,17.323242,16.776661,1.46
24,31,564,37.478018,7.085702,22.525688,19.39
25,64,563,37.481960,7.695220,24.090139,24.03
26,97,563,37.481960,8.304779,25.457602,26.89
27,129,564,37.478018,8.914297,26.097532,30.23
28,162,564,37.470135,9.523694,27.016176,28.72
29,195,565,37.458313,10.132888,26.499743,29.14
30,227,566,37.442554,10.741800,24.787407,30.17
31,260,567,37.422863,11.350348,22.331335,28.03
32,292,568,37.399244,11.958453,21.270405,24.72
33,325,569,37.371703,12.566034,21.071280,23.87
34,357,571,37.340247,13.173013,20.276054,24.05
35,390,573,37.304882,13.779310,19.961939,20.07
36,422,575,37.265618,14.384847,19.741238,17.25
37,455,577,37.222464,14.989545,20.064781,15.64
38,487,580,37.175430,15.593329,19.208944,11.84
39,519,583,37.124526,16.196122,17.983952,11.38
40,552,585,37.069766,16.797847,17.199947,10.21
41,584,589,37.011162,17.398431,16.400286,4.25
42,616,592,36.948729,17.997799,14.579300,4.47
43,31,538,37.962086,7.078190,22.179543,20.28
44,64,537,37.966067,7.692716,23.699846,22.66
45,97,537,37.966067,8.307283,25.523474,28.68
46,130,538,37.962087,8.921809,26.447634,29.40
47,163,538,37.954126,9.536210,26.172142,31.07
48,196,539,37.942187,10.150404,26.696444,29.09
49,228,540,37.926273,10.764308,25.666382,28.17
50,261,541,37.906387,11.377840,23.976151,30.43
51,294,542,37.882536,11.990917,21.840864,28.08
52,327,543,37.854723,12.603458,21.113327,25.30
53,360,545,37.822957,13.215381,20.098032,25.43
54,392,547,37.787244,13.826606,19.703527,24.04
55,425,549,37.747593,14.437052,19.835434,19.96
56,458,552,37.704015,15.046639,19.219437,17.98
57,490,554,37.656518,15.655289,19.341709,15.43
58,523,557,37.605115,16.262924,18.771832,12.04
59,555,560,37.549818,16.869465,17.528187,9.94
60,588,563,37.490640,17.474836,15.876884,11.17
61,620,566,37.427595,18.078962,14.537433,14.23
62,31,512,38.446939,7.070554,22.265079,18.27
63,64,511,38.450959,7.690170,22.862619,23.54
64,97,511,38.450959,8.309829,25.119310,27.08
65,130,512,38.446939,8.929445,27.033617,31.00
66,163,512,38.438899,9.548934,26.213993,31.55
67,196,513,38.426842,10.168210,25.697466,30.55
68,230,514,38.410771,10.787189,25.716179,30.39
69,263,515,38.390689,11.405787,24.857397,28.62
70,296,516,38.366602,12.023918,22.420395,30.74
71,329,518,38.338515,12.641500,21.361788,30.88
72,362,519,38.306435,13.258449,19.713274,29.93
73,395,521,38.270370,13.874681,19.282463,27.29
74,428,523,38.230329,14.490116,19.354006,23.41
75,461,526,38.186321,15.104671,18.775373,20.11
76,494,528,38.138358,15.718265,16.731876,16.50
77,527,531,38.086450,16.330818,16.408188,14.84
78,559,534,38.030610,16.942252,15.534602,16.10
79,592,537,37.970852,17.552486,14.692545,19.09
80,625,541,37.907190,18.161445,14.593878,17.28
81,30,486,38.932547,7.062790,16.888765,2.17
82,64,485,38.936607,7.687582,24.049395,23.66
83,97,485,38.936607,8.312417,22.947174,24.81
84,131,486,38.932547,8.937209,25.024944,26.39
85,164,486,38.924428,9.561870,27.574436,32.11
86,197,487,38.912252,10.186313,26.529861,31.26
87,231,488,38.896022,10.810452,24.635927,33.39
88,264,489,38.875741,11.434199,24.999182,32.92
89,298,490,38.851416,12.057469,23.161688,33.00
90,331,492,38.823051,12.680175,21.420078,35.22
91,364,493,38.790655,13.302232,20.022478,33.65
92,398,495,38.754234,13.923555,18.910255,31.81
93,431,497,38.713798,14.544060,18.305750,27.76
94,464,500,38.669357,15.163663,17.634769,22.40
95,497,502,38.620921,15.782282,16.202599,19.89
96,530,505,38.568503,16.399834,14.848208,18.03
97,563,508,38.512115,17.016237,14.780852,20.92
98,596,511,38.451770,17.631413,14.048299,23.10
99,629,515,38.387484,18.245281,13.425965,22.54
100,30,460,39.418884,7.054895,16.023489,-5.88
101,63,459,39.422985,7.684950,19.821051,12.55
102,97,459,39.422985,8.315049,22.480333,29.42
103,131,460,39.418884,8.945104,22.259949,29.51
104,165,460,39.410685,9.575024,26.881121,29.90
105,198,461,39.398388,10.204721,28.583200,37.06
106,232,462,39.381997,10.834106,25.130302,34.95
107,266,463,39.361516,11.463089,24.763397,36.45
108,300,464,39.336950,12.091583,23.845940,37.86
109,333,466,39.308305,12.719499,22.038847,38.31
110,367,467,39.275588,13.346749,21.185143,34.80
111,400,469,39.238808,13.973247,19.431442,32.96
112,434,471,39.197973,14.598906,18.751602,28.13
113,467,474,39.153093,15.223640,17.728163,22.91
114,501,477,39.104181,15.847365,16.228045,20.65
115,534,479,39.051246,16.469997,16.170000,23.34
116,567,482,38.994304,17.091452,14.116553,22.41
117,601,486,38.933366,17.711647,14.155060,25.36
118,634,489,38.868450,18.330503,13.853983,27.66
119,29,434,39.905922,7.046866,15.680197,-16.57
120,63,433,39.910063,7.682273,16.313974,5.01
121,97,433,39.910063,8.317726,21.662306,31.54
122,131,434,39.905922,8.953133,20.956238,32.05
123,165,434,39.897641,9.588402,24.397053,29.57
124,199,435,39.885223,10.223442,27.191193,37.55
125,233,436,39.868669,10.858161,25.571835,41.02
126,267,437,39.847985,11.492469,24.378340,38.76
127,301,438,39.823176,12.126275,24.668333,42.53
128,335,440,39.794247,12.759488,22.260885,41.72
129,369,441,39.761207,13.392019,21.954882,37.70
130,403,443,39.724063,14.023777,20.407883,34.35
131,437,446,39.682824,14.654676,18.995781,28.99
132,471,448,39.637502,15.284627,17.657204,23.66
133,504,451,39.588107,15.913542,16.217129,22.56
134,538,453,39.534651,16.541337,15.788354,25.29
135,571,457,39.477148,17.167925,14.923423,26.87
136,605,460,39.415612,17.793222,14.290026,30.21
137,638,463,39.350057,18.417146,13.530258,31.45
138,29,407,40.393632,7.038700,13.426136,-31.36
139,63,407,40.397814,7.679551,14.578656,8.21
140,98,407,40.397814,8.320448,18.492403,30.14
141,132,407,40.393632,8.961299,20.795856,32.16
142,166,408,40.385269,9.602008,22.222034,34.18
143,200,409,40.372727,10.242483,24.376490,38.36
144,235,409,40.356009,10.882628,25.296392,44.32
145,269,411,40.335120,11.522352,24.482737,45.24
146,303,412,40.310065,12.161560,24.888599,44.90
147,337,413,40.280850,12.800160,23.229559,43.96
148,372,415,40.247482,13.438060,22.255499,41.20
149,406,417,40.209970,14.075169,20.860773,36.85
150,440,420,40.168324,14.711395,18.822226,30.76
151,474,422,40.122554,15.346649,17.963741,26.55
152,508,425,40.072671,15.980841,18.721825,27.09
153,542,428,40.018688,16.613884,14.657312,25.23
154,576,431,39.960618,17.245689,15.624387,29.70
155,609,434,39.898477,17.876171,14.061071,31.13
156,28,381,40.881986,7.030393,13.098806,-32.92
157,63,381,40.886209,7.676781,14.053212,4.32
158,98,381,40.886209,8.323218,15.209285,24.57
159,132,381,40.881986,8.969606,20.266790,31.01
160,167,382,40.873539,9.615850,21.696434,32.46
161,202,382,40.860873,10.261853,20.596336,36.95
162,236,383,40.843989,10.907518,26.713675,42.78
163,271,384,40.822892,11.552749,26.290123,48.42
164,305,386,40.797588,12.197453,25.653036,48.79
165,340,387,40.768083,12.841532,23.626835,47.66
166,374,389,40.734384,13.484893,22.283411,41.58
167,409,391,40.696501,14.127442,21.023329,38.59
168,443,393,40.654442,14.769086,19.304127,35.56
169,477,396,40.608219,15.409732,20.423010,31.17
170,512,399,40.557843,16.049290,16.270388,29.99
171,546,402,40.503328,16.687668,16.251808,25.95
172,580,405,40.444685,17.324777,16.200058,29.92
173,614,408,40.381932,17.960528,14.669136,32.09
174,28,355,41.370953,7.021940,12.425032,-20.06
175,63,355,41.375219,7.673963,11.179234,-1.03
176,98,355,41.375219,8.326036,13.547421,13.81
177,133,355,41.370953,8.978059,18.030279,30.90
178,168,356,41.362423,9.629933,20.623903,30.83
179,203,356,41.349630,10.281560,20.945339,36.32
180,237,357,41.332578,10.932840,25.098890,40.22
181,272,358,41.311272,11.583676,27.234665,48.50
182,307,360,41.285716,12.233969,26.286325,50.36
183,342,361,41.255918,12.883622,23.776508,49.74
184,377,363,41.221885,13.532538,22.469465,42.51
185,411,365,41.183626,14.180621,22.252131,40.05
186,446,367,41.141150,14.827775,21.095320,36.64
187,481,370,41.094469,15.473905,21.589911,34.65
188,515,373,41.043595,16.118918,18.315538,35.15
189,550,376,40.988540,16.762721,16.624794,26.74
190,584,379,40.929319,17.405222,15.515278,30.15
191,618,382,40.865946,18.046331,14.824121,35.36
192,27,329,41.860505,7.013339,16.337614,-4.94
193,63,329,41.864814,7.671096,10.097115,2.73
194,98,329,41.864814,8.328903,12.152367,14.28
195,133,329,41.860505,8.986660,14.681488,27.69
196,168,329,41.851890,9.644264,18.499882,30.98
197,204,330,41.838970,10.301613,19.300524,33.21
198,239,331,41.821748,10.958608,21.779562,36.76
199,274,332,41.800229,11.615145,27.767239,42.83
200,309,333,41.774419,12.271126,27.030794,51.51
201,344,335,41.744325,12.926450,25.273218,52.33
202,379,337,41.709953,13.581017,24.328552,43.02
203,414,339,41.671314,14.234729,22.607641,43.27
204,449,341,41.628417,14.887487,23.814634,39.86
205,484,344,41.581273,15.539195,20.276821,36.98
206,519,347,41.529895,16.189756,19.141445,38.26
207,554,350,41.474295,16.839076,16.488483,32.64
208,589,353,41.414489,17.487060,15.183219,30.53
209,623,356,41.350490,18.133615,14.374802,35.35
210,27,303,42.350612,7.004586,17.191536,6.42
211,63,302,42.354963,7.668177,10.717668,9.20
212,98,302,42.354963,8.331821,10.058781,9.20
213,134,303,42.350612,8.995413,15.481825,20.97
214,169,303,42.341910,9.658848,16.671116,30.76
215,205,304,42.328861,10.322022,17.202621,31.85
216,240,305,42.311468,10.984832,19.133841,34.01
217,276,306,42.289734,11.647172,23.900003,42.10
218,311,307,42.263667,12.308940,28.091354,50.85
219,347,309,42.233272,12.970034,26.676006,51.48
220,382,311,42.198559,13.630351,23.452696,47.27
221,417,313,42.159535,14.289790,26.129217,45.68
222,453,315,42.116212,14.948250,23.283287,44.20
223,488,318,42.068600,15.605632,21.403976,40.49
224,523,320,42.016712,16.261837,19.417555,37.43
225,558,324,41.960561,16.916767,17.434132,37.21
226,593,327,41.900163,17.570326,15.337211,36.53
227,628,330,41.835532,18.222419,14.814731,37.02
228,27,276,42.841242,6.995675,20.180296,12.02
229,62,276,42.845637,7.665207,13.505194,23.61
230,98,276,42.845637,8.334792,10.829936,10.23
231,134,276,42.841242,9.004324,15.416891,17.65
232,170,277,42.832453,9.673694,13.811291,21.29
233,206,278,42.819274,10.342797,16.417585,31.40
234,242,278,42.801707,11.011524,16.967688,34.79
235,277,280,42.779756,11.679771,20.177622,41.52
236,313,281,42.753429,12.347429,28.078041,50.55
237,349,283,42.722731,13.014395,28.082983,54.31
238,385,285,42.687671,13.680564,26.922737,45.55
239,420,287,42.648259,14.345830,26.468735,50.68
240,456,289,42.604504,15.010092,23.578506,48.74
241,491,292,42.556419,15.673246,20.902321,43.93
242,527,294,42.504015,16.335192,19.385061,41.31
243,562,297,42.447308,16.995829,17.570456,39.16
244,598,301,42.386311,17.655059,15.472690,37.37
245,633,304,42.321041,18.312784,14.374206,41.21
246,26,250,43.332365,6.986604,21.627550,19.49
247,62,250,43.336804,7.662183,16.238369,26.07
248,98,250,43.336804,8.337816,11.244296,9.99
249,135,250,43.332365,9.013395,13.547421,13.81
250,171,250,43.323489,9.688808,13.402002,24.78
251,207,251,43.310177,10.363946,14.369205,32.72
252,243,252,43.292434,11.038698,16.749886,38.67
253,279,253,43.270264,11.712957,20.452291,42.81
254,315,255,43.243673,12.386611,26.062580,49.87
255,351,256,43.212669,13.059554,29.333061,55.31
256,387,258,43.177259,13.731678,26.617594,47.54
257,423,260,43.137453,14.402875,27.325081,52.07
258,459,263,43.093262,15.073041,25.097319,51.11
259,495,265,43.044698,15.742069,22.628624,46.50
260,531,268,42.991774,16.409856,20.581293,42.88
261,567,271,42.934503,17.076299,18.473530,41.64
262,602,275,42.872901,17.741297,15.482528,42.79
263,638,278,42.806984,18.404750,16.882559,37.52
264,26,224,43.823949,6.977368,23.555731,22.80
265,62,223,43.828433,7.659103,18.918844,21.91
266,99,223,43.828433,8.340896,15.028821,17.91
267,135,224,43.823949,9.022631,13.984820,17.15
268,172,224,43.814984,9.704197,13.118938,25.36
269,208,225,43.801539,10.385480,11.293990,24.31
270,245,226,43.783618,11.066367,17.442556,39.72
271,281,227,43.761226,11.746746,19.312305,44.59
272,317,228,43.734369,12.426505,24.553022,51.02
273,354,230,43.703054,13.105533,28.743433,53.21
274,390,232,43.667290,13.783719,27.006327,49.39
275,426,234,43.627087,14.460953,27.317890,53.63
276,463,237,43.582455,15.137127,26.332773,48.65
277,499,239,43.533406,15.812133,24.404942,48.49
278,535,242,43.479955,16.485864,21.627630,46.27
279,571,245,43.422114,17.158215,20.567045,39.99
280,607,249,43.359900,17.829081,17.382057,40.68
281,643,252,43.293329,18.498361,15.954711,38.55
282,25,197,44.315964,6.967961,25.821739,22.39
283,62,197,44.320492,7.655967,21.378983,25.67
284,99,197,44.320492,8.344032,18.809256,30.23
285,136,197,44.315964,9.032038,15.626600,22.31
286,172,198,44.306908,9.719869,13.375299,22.87
287,209,199,44.293328,10.407410,15.349763,31.77
288,246,200,44.275227,11.094544,16.024736,34.16
289,283,201,44.252610,11.781156,19.313416,44.26
290,320,202,44.225484,12.467130,23.789907,47.51
291,356,204,44.193855,13.152353,27.918947,51.73
292,393,206,44.157733,13.836711,25.419506,46.74
293,430,208,44.117127,14.520091,26.416788,49.48
294,466,210,44.072049,15.202381,26.139618,46.65
295,503,213,44.022511,15.883472,25.191988,49.90
296,539,216,43.968525,16.563252,22.866772,49.09
297,575,219,43.910108,17.241614,20.239563,41.17
298,612,222,43.847275,17.918452,18.476337,38.65
299,25,171,44.808376,6.958380,25.845062,20.31
300,62,171,44.812950,7.652773,23.986692,28.83
301,99,171,44.812950,8.347226,21.236042,29.61
302,136,171,44.808376,9.041619,18.714865,33.23
303,173,171,44.799229,9.735832,14.808378,27.56
304,210,172,44.785512,10.429747,17.382360,26.93
305,248,173,44.767229,11.123243,15.713912,26.27
306,285,174,44.744385,11.816203,21.622789,42.30
307,322,176,44.716986,12.508507,21.532055,45.83
308,359,178,44.685040,13.200039,25.456741,48.40
309,396,180,44.648555,13.890682,26.391424,54.95
310,433,182,44.607542,14.580319,27.177402,47.73
311,470,184,44.562012,15.268837,26.098328,47.43
312,507,187,44.511978,15.956120,25.116774,46.08
313,543,190,44.457454,16.642058,23.355595,44.92
314,580,193,44.398453,17.326539,23.679260,41.22
315,617,196,44.334994,18.009453,22.365358,38.08
316,24,145,45.301153,6.948619,30.943232,23.26
317,62,144,45.305773,7.649519,25.955647,28.03
318,99,144,45.305773,8.350480,23.331842,35.21
319,137,145,45.301153,9.051380,20.592848,35.59
320,174,145,45.291914,9.752095,18.451405,32.12
321,212,146,45.278059,10.452502,17.660673,26.66
322,249,147,45.259591,11.152480,18.191778,27.95
323,287,148,45.236517,11.851905,15.914871,29.64
324,324,150,45.208842,12.550657,23.616560,44.39
325,361,151,45.176574,13.248614,26.020754,47.27
326,399,153,45.139723,13.945657,28.835079,52.11
327,436,155,45.098298,14.641667,28.200150,47.19
328,473,158,45.052311,15.336525,25.486395,48.77
329,510,161,45.001776,16.030115,26.402636,44.67
330,548,164,44.946705,16.722322,26.400215,41.87
331,585,167,44.887115,17.413031,25.229944,43.39
332,621,170,44.823022,18.102129,24.815552,36.21
333,23,118,45.794262,6.938674,33.274963,26.09
334,61,118,45.798929,7.646203,29.109627,27.70
335,99,118,45.798929,8.353796,25.349039,34.53
336,137,118,45.794262,9.061325,22.120756,33.05
337,175,119,45.784930,9.768664,19.569183,31.16
338,213,119,45.770934,10.475687,18.161421,26.88
339,251,120,45.752281,11.182268,17.795942,28.06
340,289,122,45.728973,11.888281,19.383945,29.78
341,326,123,45.701019,12.593601,18.822113,35.14
342,364,125,45.668426,13.298104,24.879587,43.24
343,402,127,45.631204,14.001667,28.196058,44.22
344,439,129,45.589362,14.704167,30.749008,50.19
345,477,132,45.542913,15.405482,28.389631,46.39
346,515,134,45.491870,16.105494,26.326847,46.80
347,552,137,45.436247,16.804084,26.265818,41.37
348,589,141,45.376060,17.501133,25.369509,39.01
349,627,144,45.311326,18.196527,26.648932,35.90
350,23,92,46.287670,6.928539,34.494644,29.26
351,61,91,46.292384,7.642824,30.622957,27.54
352,99,91,46.292384,8.357175,25.725256,32.42
353,138,92,46.287670,9.071460,24.565016,35.50
354,176,92,46.278243,9.785550,20.059181,28.17
355,214,93,46.264106,10.499315,16.463469,15.55
356,252,94,46.245263,11.212625,18.375830,29.51
357,291,95,46.221720,11.925350,21.594250,35.74
358,329,97,46.193484,12.637363,19.914047,32.06
359,367,99,46.160561,13.348535,22.756369,37.31
360,405,101,46.122963,14.058739,24.892117,40.30
361,443,103,46.080699,14.767850,28.021273,42.14
362,481,105,46.033783,15.475744,32.094154,45.82
363,519,108,45.982226,16.182296,28.805115,45.53
364,556,111,45.926044,16.887385,27.438221,44.16
365,594,114,45.865253,17.590891,26.343109,38.84
366,632,118,45.799870,18.292694,26.608978,35.69
367,22,65,46.781342,6.918208,35.617592,31.71
368,61,65,46.786104,7.639380,33.973671,28.59
369,100,65,46.786104,8.360619,26.529861,31.26
370,138,65,46.781342,9.081791,24.816635,35.90
371,177,66,46.771820,9.802762,21.556677,37.12
372,216,67,46.757540,10.523398,20.112461,35.84
373,254,68,46.738506,11.243565,20.696196,25.05
374,293,69,46.714724,11.963132,23.230587,37.15
375,331,70,46.686201,12.681965,21.733229,35.31
376,370,72,46.652946,13.399932,18.889030,34.03
377,408,74,46.614967,14.116905,24.437794,38.25
378,446,76,46.572277,14.832752,26.854427,37.61
379,485,79,46.524886,15.547347,29.207611,39.07
380,523,82,46.472810,16.260561,33.567577,44.41
381,561,85,46.416062,16.972271,32.095627,43.65
382,599,88,46.354660,17.682351,30.483101,39.91
383,637,92,46.288621,18.390681,28.579075,35.38
384,22,39,47.275246,6.907676,33.937920,35.90
385,61,39,47.280056,7.635869,33.695930,30.96
386,100,39,47.280056,8.364130,30.308105,33.03
387,139,39,47.275246,9.092323,28.374836,36.85
388,178,39,47.265626,9.820308,26.337950,30.45
389,217,40,47.251201,10.547949,21.115742,30.45
390,256,41,47.231974,11.275108,21.632069,24.66
391,295,42,47.207951,12.001647,21.203829,26.92
392,334,44,47.179138,12.727432,26.292183,41.09
393,372,46,47.145545,13.452326,19.953329,31.11
394,411,48,47.107182,14.176196,23.230587,37.15
395,450,50,47.064059,14.898907,23.459732,40.50
396,489,53,47.016189,15.620330,26.257366,37.97
397,527,56,46.963586,16.340332,28.712755,38.59
398,566,59,46.906266,17.058785,34.070889,39.35
399,604,62,46.844245,17.775563,33.096260,37.25
400,642,65,46.777541,18.490539,31.342093,36.56
401,21,12,47.769345,6.896937,33.920628,38.48
402,61,12,47.774205,7.632288,34.890911,36.10
403,100,12,47.774205,8.367711,33.228085,31.87
404,139,12,47.769345,9.103062,30.362568,35.11
405,179,13,47.759628,9.838200,26.808773,35.04
406,218,14,47.745056,10.572983,24.348133,33.25
407,258,15,47.725632,11.307269,22.713570,27.89
408,297,16,47.701364,12.040918,22.158405,25.98
409,336,18,47.672259,12.773790,24.632704,36.75
410,375,19,47.638324,13.505744,23.535194,31.21
411,414,21,47.599571,14.236644,20.889944,27.12
412,454,24,47.556010,14.966352,22.315760,38.78
413,493,26,47.507655,15.694733,21.709518,37.77
414,531,29,47.454520,16.421652,26.860571,39.68
415,570,32,47.396620,17.146976,29.322882,37.71
416,609,36,47.333973,17.870576,32.997055,35.57
417,497,0,47.999249,15.770598,20.226782,39.06
418,536,3,47.945575,16.504566,23.292007,39.42
419,575,6,47.887088,17.236892,27.089083,40.50
420,614,9,47.823807,17.967443,29.516254,38.19
