vector_id,pixel_x,pixel_y,latitude,longitude,magnitude,alpha_deg
0,0,992,36.504607,6.500736,18.090054,11.78
1,52,991,36.512337,7.100364,19.160345,14.44
2,104,991,36.516202,7.700108,19.416180,14.16
3,155,991,36.516202,8.299891,19.445433,11.21
4,207,991,36.512337,8.899635,19.053061,9.30
5,259,992,36.504607,9.499263,18.134750,3.14
6,51,949,36.994759,7.093092,17.442183,11.14
7,103,949,36.998662,7.697684,17.770664,10.26
8,156,949,36.998662,8.302315,19.224625,9.21
9,208,949,36.994759,8.906907,19.666742,8.05
10,260,950,36.986953,9.511380,19.439230,3.71
11,312,951,36.975246,10.115655,19.126856,0.78
12,364,952,36.959642,10.719655,18.421534,-2.47
13,416,954,36.940143,11.323300,16.676416,-3.65
14,468,956,36.916755,11.926512,15.094362,-4.25
15,520,958,36.889483,12.529213,14.066716,-1.69
16,572,961,36.858333,13.131326,12.849354,7.33
17,624,964,36.823313,13.732773,12.731977,4.35
18,676,967,36.784431,14.333479,9.566486,-9.20
19,728,971,36.741697,14.933367,10.323449,-31.56
20,780,975,36.695120,15.532361,10.355991,-43.55
21,831,980,36.644711,16.130388,10.946808,-54.61
22,883,984,36.590482,16.727372,12.504740,-69.86
23,934,989,36.532447,17.323242,14.546420,-82.21
24,51,908,37.478018,7.085702,15.976108,14.02
25,103,907,37.481960,7.695220,16.116568,10.48
26,156,907,37.481960,8.304779,15.943759,8.99
27,208,908,37.478018,8.914297,15.391798,8.98
28,261,908,37.470135,9.523694,16.173315,5.61
29,314,909,37.458313,10.132888,16.865868,3.18
30,366,911,37.442554,10.741800,16.107445,2.18
31,419,912,37.422863,11.350348,15.941784,-2.86
32,471,914,37.399244,11.958453,14.215090,-1.67
33,524,917,37.371703,12.566034,13.781151,3.04
34,576,919,37.340247,13.173013,12.901325,13.94
35,628,923,37.304882,13.779310,13.627561,7.41
36,681,926,37.265618,14.384847,9.517648,-0.02
37,733,930,37.222464,14.989545,10.037593,-24.00
38,785,934,37.175430,15.593329,10.481963,-37.63
39,837,938,37.124526,16.196122,10.772795,-46.01
40,889,943,37.069766,16.797847,11.273297,-61.97
41,941,948,37.011162,17.398431,13.098551,-75.47
42,992,953,36.948729,17.997799,14.787498,-85.15
43,50,866,37.962086,7.078190,16.071621,17.52
44,103,865,37.966067,7.692716,16.185228,16.42
45,156,865,37.966067,8.307283,17.139137,12.74
46,209,866,37.962087,8.921809,16.038465,12.24
47,262,866,37.954126,9.536210,15.594163,8.43
48,315,868,37.942187,10.150404,15.992347,4.30
49,368,869,37.926273,10.764308,16.231274,2.06
50,421,871,37.906387,11.377840,15.159595,1.76
51,474,873,37.882536,11.990917,13.394520,1.37
52,527,875,37.854723,12.603458,13.827408,5.58
53,580,878,37.822957,13.215381,12.759466,16.28
54,632,881,37.787244,13.826606,14.110798,8.36
55,685,884,37.747593,14.437052,10.988967,7.97
56,738,888,37.704015,15.046639,9.140066,-14.53
57,790,892,37.656518,15.655289,10.055985,-32.30
58,843,897,37.605115,16.262924,10.339017,-43.64
59,895,901,37.549818,16.869465,10.316628,-53.65
60,947,906,37.490640,17.474836,11.595453,-69.92
61,999,912,37.427595,18.078962,13.629581,-80.52
62,49,824,38.446939,7.070554,17.844501,17.80
63,103,824,38.450959,7.690170,15.985494,16.19
64,156,824,38.450959,8.309829,15.431034,14.30
65,210,824,38.446939,8.929445,15.730875,15.24
66,263,825,38.438899,9.548934,16.352270,13.90
67,317,826,38.426842,10.168210,15.793950,7.78
68,370,827,38.410771,10.787189,15.761212,2.34
69,423,829,38.390689,11.405787,15.051808,4.57
70,477,831,38.366602,12.023918,13.113634,4.86
71,530,833,38.338515,12.641500,13.740570,6.98
72,583,836,38.306435,13.258449,12.796683,19.68
73,637,839,38.270370,13.874681,13.787857,3.52
74,690,843,38.230329,14.490116,11.546053,13.96
75,743,846,38.186321,15.104671,9.655331,-3.16
76,796,851,38.138358,15.718265,10.012337,-22.96
77,848,855,38.086450,16.330818,10.036574,-36.65
78,901,860,38.030610,16.942252,9.873897,-47.77
79,954,865,37.970852,17.552486,10.057779,-61.82
80,1006,871,37.907190,18.161445,12.019941,-75.24
81,49,782,38.932547,7.062790,19.491856,21.72
82,102,782,38.936607,7.687582,18.054993,18.07
83,156,782,38.936607,8.312417,16.536839,16.90
84,210,782,38.932547,8.937209,16.169462,13.85
85,264,783,38.924428,9.561870,16.431358,13.94
86,318,784,38.912252,10.186313,16.937946,13.52
87,372,785,38.896022,10.810452,15.606131,7.44
88,426,787,38.875741,11.434199,15.048788,7.94
89,480,789,38.851416,12.057469,13.045675,9.43
90,533,791,38.823051,12.680175,13.344849,9.99
91,587,794,38.790655,13.302232,12.416924,21.18
92,641,797,38.754234,13.923555,12.667443,4.90
93,694,801,38.713798,14.544060,12.643739,17.26
94,748,805,38.669357,15.163663,10.477450,5.12
95,801,809,38.620921,15.782282,9.927651,-13.18
96,854,813,38.568503,16.399834,10.066983,-30.50
97,908,818,38.512115,17.016237,10.002511,-42.23
98,961,824,38.451770,17.631413,9.520864,-51.00
99,1014,829,38.387484,18.245281,10.620972,-65.80
100,48,740,39.418884,7.054895,21.079355,24.06
101,102,740,39.422985,7.684950,19.704475,20.93
102,157,740,39.422985,8.315049,18.109562,19.09
103,211,740,39.418884,8.945104,17.192017,20.57
104,265,741,39.410685,9.575024,15.888470,15.63
105,320,742,39.398388,10.204721,16.536839,16.90
106,374,743,39.381997,10.834106,15.753564,15.88
107,428,745,39.361516,11.463089,14.199806,11.07
108,483,747,39.336950,12.091583,13.270124,9.40
109,537,750,39.308305,12.719499,13.245545,11.22
110,591,752,39.275588,13.346749,13.368564,18.94
111,645,756,39.238808,13.973247,14.015640,24.34
112,699,759,39.197973,14.598906,13.730985,13.71
113,753,763,39.153093,15.223640,11.126226,12.01
114,807,767,39.104181,15.847365,10.395045,-2.28
115,861,772,39.051246,16.469997,10.531016,-18.03
116,914,777,38.994304,17.091452,9.710505,-33.18
117,968,782,38.933366,17.711647,9.621004,-41.47
118,1021,788,38.868450,18.330503,9.735122,-54.21
119,47,698,39.905922,7.046866,22.600512,27.52
120,102,698,39.910063,7.682273,20.905899,22.26
121,157,698,39.910063,8.317726,18.814215,22.26
122,212,698,39.905922,8.953133,17.579332,23.71
123,267,699,39.897641,9.588402,14.556318,21.02
124,321,700,39.885223,10.223442,14.734550,21.97
125,376,701,39.868669,10.858161,15.135266,21.72
126,431,703,39.847985,11.492469,14.300711,14.24
127,486,705,39.823176,12.126275,13.161412,11.04
128,540,708,39.794247,12.759488,12.364541,11.34
129,595,711,39.761207,13.392019,13.494237,19.81
130,649,714,39.724063,14.023777,13.935055,24.10
131,704,717,39.682824,14.654676,12.991124,11.71
132,758,721,39.637502,15.284627,13.315924,8.60
133,812,725,39.588107,15.913542,10.138772,0.14
134,867,730,39.534651,16.541337,11.137508,-9.57
135,921,735,39.477148,17.167925,10.368389,-24.07
136,975,740,39.415612,17.793222,9.277885,-33.85
137,1029,746,39.350057,18.417146,9.111075,-41.85
138,46,656,40.393632,7.038700,24.021282,30.77
139,102,656,40.397814,7.679551,21.842981,28.21
140,157,656,40.397814,8.320448,20.345146,23.54
141,212,656,40.393632,8.961299,17.656233,24.85
142,268,657,40.385269,9.602008,15.807186,26.80
143,323,658,40.372727,10.242483,15.653095,24.58
144,378,659,40.356009,10.882628,14.960677,25.18
145,433,661,40.335120,11.522352,13.505169,18.35
146,489,663,40.310065,12.161560,13.190004,14.94
147,544,666,40.280850,12.800160,12.170971,16.37
148,599,669,40.247482,13.438060,12.431099,20.72
149,654,672,40.209970,14.075169,13.697858,18.47
150,709,675,40.168324,14.711395,15.077184,26.95
151,764,679,40.122554,15.346649,12.881816,11.01
152,818,684,40.072671,15.980841,12.117051,-3.07
153,873,688,40.018688,16.613884,12.118302,-6.14
154,927,693,39.960618,17.245689,10.950563,-17.64
155,982,699,39.898477,17.876171,9.296381,-24.65
156,46,614,40.881986,7.030393,24.788670,33.63
157,102,613,40.886209,7.676781,22.720451,30.15
158,157,613,40.886209,8.323218,21.750792,25.57
159,213,614,40.881986,8.969606,19.313763,24.78
160,269,615,40.873539,9.615850,15.968034,28.29
161,325,616,40.860873,10.261853,15.967850,26.74
162,380,617,40.843989,10.907518,15.836891,24.74
163,436,619,40.822892,11.552749,14.869137,22.25
164,492,621,40.797588,12.197453,13.566486,18.13
165,547,624,40.768083,12.841532,12.642237,16.85
166,603,627,40.734384,13.484893,13.246925,22.10
167,658,630,40.696501,14.127442,13.699691,19.76
168,714,633,40.654442,14.769086,14.994140,23.39
169,769,637,40.608219,15.409732,16.789654,22.60
170,824,642,40.557843,16.049290,14.686135,3.65
171,879,646,40.503328,16.687668,13.971117,-2.18
172,934,652,40.444685,17.324777,12.195410,-10.27
173,989,657,40.381932,17.960528,9.826128,-19.38
174,45,572,41.370953,7.021940,26.789375,34.87
175,101,571,41.375219,7.673963,24.877411,32.05
176,158,571,41.375219,8.326036,22.210972,27.53
177,214,572,41.370953,8.978059,19.822037,25.88
178,270,572,41.362423,9.629933,17.660658,28.47
179,326,573,41.349630,10.281560,17.766441,32.23
180,383,575,41.332578,10.932840,16.376749,25.91
181,439,577,41.311272,11.583676,16.029072,24.31
182,495,579,41.285716,12.233969,15.458773,21.24
183,551,582,41.255918,12.883622,13.684955,18.62
184,607,584,41.221885,13.532538,14.850616,18.77
185,663,588,41.183626,14.180621,15.331223,20.26
186,719,591,41.141150,14.827775,15.566038,17.99
187,775,595,41.094469,15.473905,16.511200,18.32
188,830,600,41.043595,16.118918,17.097878,10.87
189,886,605,40.988540,16.762721,15.421449,4.35
190,941,610,40.929319,17.405222,13.714809,-4.93
191,997,615,40.865946,18.046331,11.089049,-13.49
192,44,529,41.860505,7.013339,27.987785,33.10
193,101,529,41.864814,7.671096,25.798397,33.32
194,158,529,41.864814,8.328903,23.127876,31.85
195,215,529,41.860505,8.986660,21.731388,29.16
196,271,530,41.851890,9.644264,20.438467,26.88
197,328,531,41.838970,10.301613,18.979479,30.25
198,385,533,41.821748,10.958608,18.610657,29.98
199,441,535,41.800229,11.615145,17.595177,24.42
200,498,537,41.774419,12.271126,17.194433,21.52
201,555,539,41.744325,12.926450,16.190968,18.81
202,611,542,41.709953,13.581017,15.671806,17.42
203,668,546,41.671314,14.234729,15.755374,15.21
204,724,549,41.628417,14.887487,16.504393,14.93
205,780,553,41.581273,15.539195,16.969648,14.31
206,836,558,41.529895,16.189756,17.180031,15.04
207,892,563,41.474295,16.839076,17.787205,8.63
208,948,568,41.414489,17.487060,14.761742,-1.61
209,1004,573,41.350490,18.133615,12.009184,-6.75
210,44,487,42.350612,7.004586,29.722689,33.15
211,101,487,42.354963,7.668177,28.478302,32.88
212,158,487,42.354963,8.331821,26.146526,32.89
213,215,487,42.350612,8.995413,25.033834,32.30
214,273,488,42.341910,9.658848,23.411531,31.00
215,330,489,42.328861,10.322022,22.847839,31.42
216,387,490,42.311468,10.984832,21.287077,31.21
217,444,492,42.289734,11.647172,20.550268,27.18
218,501,495,42.263667,12.308940,19.216484,20.64
219,558,497,42.233272,12.970034,18.290207,16.78
220,615,500,42.198559,13.630351,17.323629,15.21
221,672,504,42.159535,14.289790,16.160925,12.57
222,729,507,42.116212,14.948250,17.624842,16.03
223,786,511,42.068600,15.605632,17.672216,15.69
224,843,516,42.016712,16.261837,18.437563,13.43
225,899,521,41.960561,16.916767,18.469395,9.22
226,955,526,41.900163,17.570326,15.100375,3.11
227,1012,531,41.835532,18.222419,12.889991,-4.85
228,43,445,42.841242,6.995675,28.281515,31.59
229,101,444,42.845637,7.665207,29.692728,33.32
230,158,444,42.845637,8.334792,29.493200,35.23
231,216,445,42.841242,9.004324,27.507118,33.46
232,274,445,42.832453,9.673694,27.531288,33.72
233,332,447,42.819274,10.342797,26.471590,32.89
234,389,448,42.801707,11.011524,24.536346,32.31
235,447,450,42.779756,11.679771,23.068520,30.66
236,505,452,42.753429,12.347429,22.140759,23.59
237,562,455,42.722731,13.014395,20.568106,16.99
238,620,458,42.687671,13.680564,19.220060,14.85
239,677,461,42.648259,14.345830,17.811760,11.39
240,734,465,42.604504,15.010092,17.511164,14.35
241,792,469,42.556419,15.673246,17.957626,17.10
242,849,474,42.504015,16.335192,18.723612,14.14
243,906,479,42.447308,16.995829,17.366484,10.70
244,963,484,42.386311,17.655059,15.319692,2.84
245,1020,490,42.321041,18.312784,13.751015,-2.46
246,42,402,43.332365,6.986604,23.485121,28.50
247,100,402,43.336804,7.662183,28.035881,33.25
248,159,402,43.336804,8.337816,30.235300,37.33
249,217,402,43.332365,9.013395,31.237108,38.31
250,275,403,43.323489,9.688808,29.911589,35.71
251,333,404,43.310177,10.363946,28.467827,34.03
252,392,406,43.292434,11.038698,26.462957,33.36
253,450,408,43.270264,11.712957,25.126904,27.92
254,508,410,43.243673,12.386611,23.699221,26.22
255,566,413,43.212669,13.059554,23.434273,22.14
256,624,416,43.177259,13.731678,20.898603,17.39
257,682,419,43.137453,14.402875,19.671270,13.53
258,740,423,43.093262,15.073041,18.127663,14.04
259,798,427,43.044698,15.742069,17.747057,18.40
260,855,432,42.991774,16.409856,17.928249,15.95
261,913,437,42.934503,17.076299,17.139137,12.74
262,970,442,42.872901,17.741297,15.118148,5.33
263,1027,448,42.806984,18.404750,15.204633,-0.79
264,41,360,43.823949,6.977368,20.139748,28.44
265,100,359,43.828433,7.659103,24.801796,31.44
266,159,359,43.828433,8.340896,29.124838,35.39
267,218,360,43.823949,9.022631,31.502285,36.85
268,277,361,43.814984,9.704197,32.763718,35.28
269,335,362,43.801539,10.385480,31.553350,32.63
270,394,363,43.783618,11.066367,27.701622,32.48
271,453,365,43.761226,11.746746,26.627861,30.38
272,512,368,43.734369,12.426505,25.301683,28.53
273,570,370,43.703054,13.105533,23.868462,25.56
274,629,373,43.667290,13.783719,22.486549,21.74
275,687,377,43.627087,14.460953,21.056204,17.85
276,745,381,43.582455,15.137127,18.454897,19.59
277,804,385,43.533406,15.812133,18.172964,22.49
278,862,390,43.479955,16.485864,18.152918,18.26
279,920,395,43.422114,17.158215,17.196320,9.91
280,978,400,43.359900,17.829081,15.987092,6.10
281,1036,406,43.293329,18.498361,17.169128,-1.38
282,40,317,44.315964,6.967961,19.287203,29.02
283,100,317,44.320492,7.655967,21.786297,31.86
284,159,317,44.320492,8.344032,23.667501,32.80
285,219,317,44.315964,9.032038,28.386744,34.50
286,278,318,44.306908,9.719869,29.857885,33.72
287,337,319,44.293328,10.407410,30.241814,35.53
288,397,321,44.275227,11.094544,30.179890,35.20
289,456,323,44.252610,11.781156,28.044687,33.10
290,515,325,44.225484,12.467130,26.423611,31.31
291,574,328,44.193855,13.152353,25.127529,30.91
292,633,331,44.157733,13.836711,22.807384,27.17
293,692,335,44.117127,14.520091,21.055092,23.74
294,751,338,44.072049,15.202381,18.508432,25.23
295,810,343,44.022511,15.883472,18.651217,26.33
296,869,347,43.968525,16.563252,17.155920,19.26
297,927,352,43.910108,17.241614,17.435181,11.84
298,986,358,43.847275,17.918452,19.591837,10.34
299,40,275,44.808376,6.958380,19.744631,26.56
300,99,275,44.812950,7.652773,19.960703,31.25
301,159,275,44.812950,8.347226,19.799782,31.73
302,219,275,44.808376,9.041619,22.728590,33.62
303,279,276,44.799229,9.735832,25.644751,35.94
304,339,277,44.785512,10.429747,28.851160,35.57
305,399,278,44.767229,11.123243,28.970156,36.48
306,459,280,44.744385,11.816203,28.590435,37.11
307,519,283,44.716986,12.508507,26.465784,34.43
308,578,286,44.685040,13.200039,25.682974,33.33
309,638,289,44.648555,13.890682,23.033054,32.16
310,697,292,44.607542,14.580319,20.104872,31.78
311,757,296,44.562012,15.268837,19.628235,28.57
312,816,300,44.511978,15.956120,18.244020,26.55
313,875,305,44.457454,16.642058,17.921524,23.23
314,934,310,44.398453,17.326539,20.053122,19.30
315,993,316,44.334994,18.009453,20.756605,11.82
316,39,232,45.301153,6.948619,19.181574,30.41
317,99,232,45.305773,7.649519,19.592312,30.30
318,160,232,45.305773,8.350480,19.554668,33.30
319,220,232,45.301153,9.051380,19.397896,31.75
320,281,233,45.291914,9.752095,22.903446,33.16
321,341,234,45.278059,10.452502,25.611954,35.26
322,402,236,45.259591,11.152480,28.280827,35.59
323,462,238,45.236517,11.851905,28.092033,36.61
324,522,240,45.208842,12.550657,27.797916,35.78
325,582,243,45.176574,13.248614,24.434025,34.27
326,643,246,45.139723,13.945657,24.323359,35.12
327,703,250,45.098298,14.641667,20.993540,33.60
328,763,254,45.052311,15.336525,20.527843,29.54
329,823,258,45.001776,16.030115,19.512733,28.56
330,882,263,44.946705,16.722322,19.983007,24.17
331,942,268,44.887115,17.413031,21.603306,20.25
332,1001,274,44.823022,18.102129,21.510733,14.37
333,38,190,45.794262,6.938674,22.933153,32.23
334,99,189,45.798929,7.646203,21.138159,26.90
335,160,189,45.798929,8.353796,19.689213,32.03
336,221,190,45.794262,9.061325,19.557468,33.71
337,282,191,45.784930,9.768664,19.430372,31.49
338,343,192,45.770934,10.475687,22.750404,31.74
339,404,193,45.752281,11.182268,26.963923,35.21
340,465,195,45.728973,11.888281,26.672523,37.15
341,526,198,45.701019,12.593601,26.005480,35.92
342,587,201,45.668426,13.298104,25.926079,35.01
343,647,204,45.631204,14.001667,25.042980,39.41
344,708,208,45.589362,14.704167,20.985813,33.32
345,769,212,45.542913,15.405482,21.781956,30.96
346,829,216,45.491870,16.105494,20.935549,28.17
347,889,221,45.436247,16.804084,21.202913,23.13
348,949,226,45.376060,17.501133,22.001905,17.69
349,1010,232,45.311326,18.196527,22.164999,11.99
350,37,147,46.287670,6.928539,26.572315,31.63
351,99,147,46.292384,7.642824,25.527052,32.70
352,160,147,46.292384,8.357175,21.662125,28.29
353,222,147,46.287670,9.071460,20.317348,28.92
354,284,148,46.278243,9.785550,19.591930,28.53
355,345,149,46.264106,10.499315,18.353098,28.23
356,407,151,46.245263,11.212625,23.081543,35.24
357,468,153,46.221720,11.925350,25.830807,37.42
358,530,155,46.193484,12.637363,24.966503,37.07
359,591,158,46.160561,13.348535,25.989073,38.05
360,652,161,46.122963,14.058739,24.249413,41.25
361,714,165,46.080699,14.767850,22.594410,36.21
362,775,169,46.033783,15.475744,21.779049,31.33
363,836,174,45.982226,16.182296,21.822330,28.24
364,897,178,45.926044,16.887385,20.859709,20.23
365,957,184,45.865253,17.590891,21.743937,14.13
366,1018,189,45.799870,18.292694,21.410280,12.98
367,36,105,46.781342,6.918208,26.965010,30.03
368,98,104,46.786104,7.639380,26.998236,35.77
369,161,104,46.786104,8.360619,26.010399,35.28
370,223,105,46.781342,9.081791,24.596811,26.41
371,285,105,46.771820,9.802762,20.515730,27.60
372,347,107,46.757540,10.523398,18.535049,26.81
373,409,108,46.738506,11.243565,20.433723,29.78
374,472,110,46.714724,11.963132,24.289148,38.91
375,534,113,46.686201,12.681965,24.395329,43.37
376,596,116,46.652946,13.399932,24.537582,38.79
377,657,119,46.614967,14.116905,25.242304,38.45
378,719,123,46.572277,14.832752,24.593216,37.65
379,781,127,46.524886,15.547347,21.786867,36.62
380,842,131,46.472810,16.260561,20.888512,29.90
381,904,136,46.416062,16.972271,20.562103,22.48
382,965,141,46.354660,17.682351,21.753395,20.19
383,1026,147,46.288621,18.390681,21.520823,15.98
384,35,62,47.275246,6.907676,23.086885,26.89
385,98,62,47.280056,7.635869,27.340128,32.15
386,161,62,47.280056,8.364130,28.421701,34.95
387,224,62,47.275246,9.092323,26.973751,32.20
388,287,63,47.265626,9.820308,24.053049,26.20
389,349,64,47.251201,10.547949,20.523321,24.48
390,412,66,47.231974,11.275108,20.867916,27.09
391,475,68,47.207951,12.001647,23.152752,37.55
392,537,70,47.179138,12.727432,26.589401,43.08
393,600,73,47.145545,13.452326,23.946495,37.68
394,663,77,47.107182,14.176196,26.843607,37.98
395,725,80,47.064059,14.898907,27.079182,34.74
396,787,84,47.016189,15.620330,24.174397,32.60
397,849,89,46.963586,16.340332,20.716423,32.56
398,911,94,46.906266,17.058785,20.186018,19.52
399,973,99,46.844245,17.775563,20.692308,18.09
400,1035,105,46.777541,18.490539,20.781668,25.05
401,34,19,47.769345,6.896937,21.948553,26.34
402,98,19,47.774205,7.632288,22.493572,24.66
403,161,19,47.774205,8.367711,28.482325,30.52
404,225,19,47.769345,9.103062,29.160280,32.97
405,288,20,47.759628,9.838200,26.308493,32.74
406,352,21,47.745056,10.572983,24.615568,28.86
407,415,23,47.725632,11.307269,22.013775,24.73
408,478,25,47.701364,12.040918,19.397896,31.75
409,541,28,47.672259,12.773790,26.152023,41.88
410,605,31,47.638324,13.505744,24.031570,38.33
411,668,34,47.599571,14.236644,25.491535,34.49
412,731,38,47.556010,14.966352,27.450232,33.47
413,794,42,47.507655,15.694733,26.123486,30.43
414,856,47,47.454520,16.421652,22.358416,23.42
415,919,52,47.396620,17.146976,23.017637,25.43
416,981,57,47.333973,17.870576,21.713633,19.32
417,800,0,47.999249,15.770598,27.345682,28.03
418,863,4,47.945575,16.504566,24.441599,29.79
419,927,9,47.887088,17.236892,25.329330,22.83
420,990,15,47.823807,17.967443,25.546482,16.75
