vector_id,pixel_x,pixel_y,latitude,longitude,magnitude,alpha_deg
0,0,616,36.504607,6.500736,18.838787,4.63
1,32,615,36.512337,7.100364,18.022371,5.30
2,64,615,36.516202,7.700108,17.347809,8.95
3,96,615,36.516202,8.299891,17.211901,9.80
4,129,615,36.512337,8.899635,16.580515,8.36
5,161,616,36.504607,9.499263,17.185993,8.74
6,32,589,36.994759,7.093092,19.374399,8.61
7,64,589,36.998662,7.697684,17.958208,10.32
8,97,589,36.998662,8.302315,16.762352,11.86
9,129,589,36.994759,8.906907,16.109678,11.73
10,161,590,36.986953,9.511380,16.123119,9.53
11,194,591,36.975246,10.115655,17.451782,8.42
12,226,591,36.959642,10.719655,18.696833,7.77
13,258,592,36.940143,11.323300,18.168480,7.90
14,291,594,36.916755,11.926512,17.242668,5.54
15,323,595,36.889483,12.529213,16.155973,1.22
16,355,597,36.858333,13.131326,14.973898,-1.99
17,387,599,36.823313,13.732773,12.631462,2.72
18,420,601,36.784431,14.333479,15.573265,-6.58
19,452,603,36.741697,14.933367,12.289104,-0.15
20,484,606,36.695120,15.532361,10.878198,-13.62
21,516,608,36.644711,16.130388,11.429625,-36.96
22,548,611,36.590482,16.727372,11.866600,-44.25
23,580,614,36.532447,17.323242,12.869485,-58.59
24,31,564,37.478018,7.085702,20.973640,10.89
25,64,563,37.481960,7.695220,19.383802,13.11
26,97,563,37.481960,8.304779,17.793648,12.97
27,129,564,37.478018,8.914297,15.826215,11.72
28,162,564,37.470135,9.523694,16.023243,11.58
29,195,565,37.458313,10.132888,16.376129,9.48
30,227,566,37.442554,10.741800,17.160711,8.18
31,260,567,37.422863,11.350348,17.626341,8.90
32,292,568,37.399244,11.958453,17.077196,9.68
33,325,569,37.371703,12.566034,16.548023,2.58
34,357,571,37.340247,13.173013,15.144378,-0.88
35,390,573,37.304882,13.779310,12.629108,9.94
36,422,575,37.265618,14.384847,15.536926,-2.55
37,455,577,37.222464,14.989545,12.745857,3.74
38,487,580,37.175430,15.593329,10.524985,-5.82
39,519,583,37.124526,16.196122,10.629347,-31.30
40,552,585,37.069766,16.797847,11.382040,-39.73
41,584,589,37.011162,17.398431,11.696449,-52.56
42,616,592,36.948729,17.997799,12.567636,-66.23
43,31,538,37.962086,7.078190,22.867216,14.77
44,64,537,37.966067,7.692716,20.863935,14.02
45,97,537,37.966067,8.307283,19.501408,17.22
46,130,538,37.962087,8.921809,17.226955,13.40
47,163,538,37.954126,9.536210,16.294006,8.81
48,196,539,37.942187,10.150404,16.695461,9.20
49,228,540,37.926273,10.764308,16.782843,7.67
50,261,541,37.906387,11.377840,16.471848,8.22
51,294,542,37.882536,11.990917,16.727863,11.29
52,327,543,37.854723,12.603458,15.692088,5.45
53,360,545,37.822957,13.215381,14.441178,3.76
54,392,547,37.787244,13.826606,12.843471,16.10
55,425,549,37.747593,14.437052,14.668368,1.67
56,458,552,37.704015,15.046639,12.920085,8.81
57,490,554,37.656518,15.655289,11.338507,2.45
58,523,557,37.605115,16.262924,10.004810,-22.66
59,555,560,37.549818,16.869465,10.905776,-36.39
60,588,563,37.490640,17.474836,10.711292,-46.01
61,620,566,37.427595,18.078962,11.580530,-58.93
62,31,512,38.446939,7.070554,24.467365,18.91
63,64,511,38.450959,7.690170,22.199287,17.01
64,97,511,38.450959,8.309829,20.421967,18.11
65,130,512,38.446939,8.929445,19.111547,16.23
66,163,512,38.438899,9.548934,17.081984,12.43
67,196,513,38.426842,10.168210,16.861757,11.79
68,230,514,38.410771,10.787189,16.262398,7.40
69,263,515,38.390689,11.405787,15.682149,8.21
70,296,516,38.366602,12.023918,15.233835,12.63
71,329,518,38.338515,12.641500,14.763611,9.51
72,362,519,38.306435,13.258449,14.131821,9.70
73,395,521,38.270370,13.874681,12.947096,20.38
74,428,523,38.230329,14.490116,13.477064,5.00
75,461,526,38.186321,15.104671,14.450404,5.46
76,494,528,38.138358,15.718265,12.089410,9.15
77,527,531,38.086450,16.330818,9.728992,-12.82
78,559,534,38.030610,16.942252,10.456324,-31.88
79,592,537,37.970852,17.552486,10.183794,-40.07
80,625,541,37.907190,18.161445,10.800402,-51.27
81,30,486,38.932547,7.062790,25.872648,23.36
82,64,485,38.936607,7.687582,23.724304,23.03
83,97,485,38.936607,8.312417,21.342558,21.81
84,131,486,38.932547,8.937209,19.808725,20.11
85,164,486,38.924428,9.561870,17.835417,15.79
86,197,487,38.912252,10.186313,16.779119,15.39
87,231,488,38.896022,10.810452,15.442957,12.68
88,264,489,38.875741,11.434199,15.639544,12.08
89,298,490,38.851416,12.057469,14.813186,16.45
90,331,492,38.823051,12.680175,14.172694,14.79
91,364,493,38.790655,13.302232,13.699360,14.32
92,398,495,38.754234,13.923555,13.180447,23.24
93,431,497,38.713798,14.544060,12.551949,11.75
94,464,500,38.669357,15.163663,14.255467,7.52
95,497,502,38.620921,15.782282,11.241179,18.31
96,530,505,38.568503,16.399834,8.963558,-4.98
97,563,508,38.512115,17.016237,10.152846,-28.41
98,596,511,38.451770,17.631413,9.698620,-32.86
99,629,515,38.387484,18.245281,10.498284,-44.08
100,30,460,39.418884,7.054895,27.194845,27.23
101,63,459,39.422985,7.684950,25.479555,25.37
102,97,459,39.422985,8.315049,22.173786,24.09
103,131,460,39.418884,8.945104,20.845097,24.08
104,165,460,39.410685,9.575024,19.683781,22.22
105,198,461,39.398388,10.204721,17.470726,20.60
106,232,462,39.381997,10.834106,16.026701,20.46
107,266,463,39.361516,11.463089,15.916030,18.52
108,300,464,39.336950,12.091583,14.659677,20.53
109,333,466,39.308305,12.719499,14.321961,15.82
110,367,467,39.275588,13.346749,13.780333,17.09
111,400,469,39.238808,13.973247,13.298231,24.92
112,434,471,39.197973,14.598906,12.281628,17.98
113,467,474,39.153093,15.223640,14.575105,6.33
114,501,477,39.104181,15.847365,12.600062,20.42
115,534,479,39.051246,16.469997,9.512377,0.68
116,567,482,38.994304,17.091452,9.318469,-21.37
117,601,486,38.933366,17.711647,9.577245,-26.77
118,634,489,38.868450,18.330503,9.975546,-36.23
119,29,434,39.905922,7.046866,28.178694,30.59
120,63,433,39.910063,7.682273,26.244183,28.59
121,97,433,39.910063,8.317726,24.128298,26.83
122,131,434,39.905922,8.953133,22.145081,27.68
123,165,434,39.897641,9.588402,22.026505,26.50
124,199,435,39.885223,10.223442,18.474943,24.14
125,233,436,39.868669,10.858161,17.573631,26.72
126,267,437,39.847985,11.492469,16.950129,23.26
127,301,438,39.823176,12.126275,15.696799,20.13
128,335,440,39.794247,12.759488,14.584146,18.84
129,369,441,39.761207,13.392019,13.927944,18.64
130,403,443,39.724063,14.023777,13.355061,26.17
131,437,446,39.682824,14.654676,12.512745,26.45
132,471,448,39.637502,15.284627,14.386860,7.68
133,504,451,39.588107,15.913542,13.366256,20.24
134,538,453,39.534651,16.541337,9.942007,4.30
135,571,457,39.477148,17.167925,9.764196,-19.45
136,605,460,39.415612,17.793222,10.026769,-22.96
137,638,463,39.350057,18.417146,9.785787,-31.15
138,29,407,40.393632,7.038700,28.932386,32.10
139,63,407,40.397814,7.679551,26.844917,32.79
140,98,407,40.397814,8.320448,24.830801,30.69
141,132,407,40.393632,8.961299,23.947681,31.14
142,166,408,40.385269,9.602008,22.460272,29.17
143,200,409,40.372727,10.242483,19.591333,27.90
144,235,409,40.356009,10.882628,18.855331,28.59
145,269,411,40.335120,11.522352,17.924765,28.53
146,303,412,40.310065,12.161560,16.810356,23.25
147,337,413,40.280850,12.800160,15.232549,20.88
148,372,415,40.247482,13.438060,14.203954,19.36
149,406,417,40.209970,14.075169,13.890194,28.01
150,440,420,40.168324,14.711395,13.569951,32.82
151,474,422,40.122554,15.346649,13.330686,11.30
152,508,425,40.072671,15.980841,14.713763,18.79
153,542,428,40.018688,16.613884,11.388998,7.96
154,576,431,39.960618,17.245689,10.269114,-15.11
155,609,434,39.898477,17.876171,10.154655,-23.19
156,28,381,40.881986,7.030393,26.841085,31.57
157,63,381,40.886209,7.676781,27.327627,34.90
158,98,381,40.886209,8.323218,25.636896,33.70
159,132,381,40.881986,8.969606,24.124262,33.39
160,167,382,40.873539,9.615850,22.182196,32.17
161,202,382,40.860873,10.261853,20.946362,31.05
162,236,383,40.843989,10.907518,19.465487,29.54
163,271,384,40.822892,11.552749,19.423262,29.32
164,305,386,40.797588,12.197453,18.350235,26.80
165,340,387,40.768083,12.841532,16.195318,21.76
166,374,389,40.734384,13.484893,15.055351,21.25
167,409,391,40.696501,14.127442,14.680983,28.14
168,443,393,40.654442,14.769086,15.362213,33.10
169,477,396,40.608219,15.409732,12.199681,22.71
170,512,399,40.557843,16.049290,12.713174,16.53
171,546,402,40.503328,16.687668,12.188380,7.43
172,580,405,40.444685,17.324777,10.911663,-4.70
173,614,408,40.381932,17.960528,10.616631,-23.81
174,28,355,41.370953,7.021940,24.689064,33.88
175,63,355,41.375219,7.673963,26.957739,35.82
176,98,355,41.375219,8.326036,26.066284,35.29
177,133,355,41.370953,8.978059,24.412924,34.40
178,168,356,41.362423,9.629933,24.603752,33.06
179,203,356,41.349630,10.281560,22.652676,33.67
180,237,357,41.332578,10.932840,20.585226,32.23
181,272,358,41.311272,11.583676,20.836458,31.88
182,307,360,41.285716,12.233969,19.660482,28.74
183,342,361,41.255918,12.883622,17.309942,24.73
184,377,363,41.221885,13.532538,15.879579,25.28
185,411,365,41.183626,14.180621,15.219080,28.90
186,446,367,41.141150,14.827775,15.252848,31.20
187,481,370,41.094469,15.473905,14.365986,33.10
188,515,373,41.043595,16.118918,15.324323,18.47
189,550,376,40.988540,16.762721,13.708694,15.30
190,584,379,40.929319,17.405222,12.515651,0.12
191,618,382,40.865946,18.046331,12.301059,-18.97
192,27,329,41.860505,7.013339,21.634109,32.36
193,63,329,41.864814,7.671096,26.297207,39.50
194,98,329,41.864814,8.328903,26.743553,38.08
195,133,329,41.860505,8.986660,25.974833,39.51
196,168,329,41.851890,9.644264,25.605896,35.39
197,204,330,41.838970,10.301613,23.819593,34.80
198,239,331,41.821748,10.958608,21.927605,35.76
199,274,332,41.800229,11.615145,21.756302,33.24
200,309,333,41.774419,12.271126,20.983862,29.44
201,344,335,41.744325,12.926450,18.660641,29.42
202,379,337,41.709953,13.581017,16.871336,28.59
203,414,339,41.671314,14.234729,14.938431,30.13
204,449,341,41.628417,14.887487,15.730997,29.79
205,484,344,41.581273,15.539195,16.349594,35.57
206,519,347,41.529895,16.189756,12.868461,15.27
207,554,350,41.474295,16.839076,15.180289,13.45
208,589,353,41.414489,17.487060,13.698003,3.12
209,623,356,41.350490,18.133615,12.948263,-14.41
210,27,303,42.350612,7.004586,19.175478,31.33
211,63,302,42.354963,7.668177,25.317680,40.74
212,98,302,42.354963,8.331821,26.818155,40.49
213,134,303,42.350612,8.995413,26.210543,40.56
214,169,303,42.341910,9.658848,26.676641,37.18
215,205,304,42.328861,10.322022,25.775187,36.30
216,240,305,42.311468,10.984832,23.932247,38.02
217,276,306,42.289734,11.647172,22.262852,33.45
218,311,307,42.263667,12.308940,22.158106,31.94
219,347,309,42.233272,12.970034,19.721956,33.32
220,382,311,42.198559,13.630351,18.418171,30.78
221,417,313,42.159535,14.289790,15.082436,27.94
222,453,315,42.116212,14.948250,15.229039,29.74
223,488,318,42.068600,15.605632,15.742900,31.83
224,523,320,42.016712,16.261837,16.441809,29.87
225,558,324,41.960561,16.916767,15.046168,14.60
226,593,327,41.900163,17.570326,15.435186,2.55
227,628,330,41.835532,18.222419,14.625773,-7.92
228,27,276,42.841242,6.995675,18.359550,30.78
229,62,276,42.845637,7.665207,22.209064,37.83
230,98,276,42.845637,8.334792,26.950018,41.80
231,134,276,42.841242,9.004324,27.221216,38.84
232,170,277,42.832453,9.673694,27.026375,39.01
233,206,278,42.819274,10.342797,27.332989,37.42
234,242,278,42.801707,11.011524,25.728243,36.54
235,277,280,42.779756,11.679771,24.431145,36.11
236,313,281,42.753429,12.347429,22.136663,32.95
237,349,283,42.722731,13.014395,21.329306,33.71
238,385,285,42.687671,13.680564,19.695683,33.47
239,420,287,42.648259,14.345830,17.794510,28.44
240,456,289,42.604504,15.010092,16.177332,28.19
241,491,292,42.556419,15.673246,15.754811,29.38
242,527,294,42.504015,16.335192,16.562063,27.14
243,562,297,42.447308,16.995829,17.406666,18.77
244,598,301,42.386311,17.655059,17.383085,7.40
245,633,304,42.321041,18.312784,15.583485,-3.93
246,26,250,43.332365,6.986604,15.952892,20.01
247,62,250,43.336804,7.662183,20.546179,37.37
248,98,250,43.336804,8.337816,24.824207,40.93
249,135,250,43.332365,9.013395,27.105368,38.88
250,171,250,43.323489,9.688808,26.822508,38.81
251,207,251,43.310177,10.363946,27.709944,37.50
252,243,252,43.292434,11.038698,27.141068,36.44
253,279,253,43.270264,11.712957,26.170788,36.92
254,315,255,43.243673,12.386611,23.488720,35.36
255,351,256,43.212669,13.059554,23.253748,32.85
256,387,258,43.177259,13.731678,21.936777,32.75
257,423,260,43.137453,14.402875,19.855234,30.34
258,459,263,43.093262,15.073041,17.693916,28.52
259,495,265,43.044698,15.742069,17.133820,25.85
260,531,268,42.991774,16.409856,17.225960,24.11
261,567,271,42.934503,17.076299,17.521067,18.84
262,602,275,42.872901,17.741297,17.778994,9.39
263,638,278,42.806984,18.404750,14.647728,4.04
264,26,224,43.823949,6.977368,16.114012,26.59
265,62,223,43.828433,7.659103,17.417334,29.44
266,99,223,43.828433,8.340896,22.965488,41.83
267,135,224,43.823949,9.022631,27.226656,39.53
268,172,224,43.814984,9.704197,28.536297,39.53
269,208,225,43.801539,10.385480,27.143990,38.04
270,245,226,43.783618,11.066367,27.453596,35.81
271,281,227,43.761226,11.746746,27.315004,34.76
272,317,228,43.734369,12.426505,26.284689,35.95
273,354,230,43.703054,13.105533,23.759153,33.39
274,390,232,43.667290,13.783719,22.627327,31.55
275,426,234,43.627087,14.460953,21.397924,32.13
276,463,237,43.582455,15.137127,19.857887,31.20
277,499,239,43.533406,15.812133,18.949324,28.63
278,535,242,43.479955,16.485864,18.923805,21.83
279,571,245,43.422114,17.158215,18.819361,16.22
280,607,249,43.359900,17.829081,16.340466,9.81
281,643,252,43.293329,18.498361,15.850573,12.98
282,25,197,44.315964,6.967961,19.253786,28.72
283,62,197,44.320492,7.655967,18.295488,29.34
284,99,197,44.320492,8.344032,21.327688,37.32
285,136,197,44.315964,9.032038,25.491251,40.41
286,172,198,44.306908,9.719869,26.761871,39.00
287,209,199,44.293328,10.407410,26.777847,39.13
288,246,200,44.275227,11.094544,27.431726,36.82
289,283,201,44.252610,11.781156,28.603493,34.93
290,320,202,44.225484,12.467130,27.253891,35.22
291,356,204,44.193855,13.152353,25.728647,35.19
292,393,206,44.157733,13.836711,24.301399,32.39
293,430,208,44.117127,14.520091,23.341425,31.80
294,466,210,44.072049,15.202381,21.644367,31.27
295,503,213,44.022511,15.883472,21.082666,27.78
296,539,216,43.968525,16.563252,19.206009,22.51
297,575,219,43.910108,17.241614,19.012070,19.05
298,612,222,43.847275,17.918452,19.326120,19.90
299,25,171,44.808376,6.958380,22.931799,27.62
300,62,171,44.812950,7.652773,21.891224,28.11
301,99,171,44.812950,8.347226,19.189302,32.11
302,136,171,44.808376,9.041619,24.236185,38.06
303,173,171,44.799229,9.735832,26.514961,40.57
304,210,172,44.785512,10.429747,27.461952,40.85
305,248,173,44.767229,11.123243,27.538422,39.07
306,285,174,44.744385,11.816203,30.130964,34.31
307,322,176,44.716986,12.508507,28.516165,33.87
308,359,178,44.685040,13.200039,26.530891,34.81
309,396,180,44.648555,13.890682,25.394939,33.91
310,433,182,44.607542,14.580319,25.189276,31.04
311,470,184,44.562012,15.268837,23.770391,29.95
312,507,187,44.511978,15.956120,21.990717,26.46
313,543,190,44.457454,16.642058,20.026899,25.86
314,580,193,44.398453,17.326539,20.040234,22.42
315,617,196,44.334994,18.009453,20.931366,17.25
316,24,145,45.301153,6.948619,28.999735,27.50
317,62,144,45.305773,7.649519,25.743971,26.09
318,99,144,45.305773,8.350480,22.357323,29.23
319,137,145,45.301153,9.051380,20.603115,31.91
320,174,145,45.291914,9.752095,25.596821,38.38
321,212,146,45.278059,10.452502,27.696976,39.81
322,249,147,45.259591,11.152480,28.064285,39.33
323,287,148,45.236517,11.851905,27.704067,36.17
324,324,150,45.208842,12.550657,28.519444,34.42
325,361,151,45.176574,13.248614,27.384832,35.25
326,399,153,45.139723,13.945657,25.390566,34.70
327,436,155,45.098298,14.641667,25.567533,31.13
328,473,158,45.052311,15.336525,25.159113,30.93
329,510,161,45.001776,16.030115,23.305023,29.96
330,548,164,44.946705,16.722322,21.783575,27.58
331,585,167,44.887115,17.413031,21.133028,26.40
332,621,170,44.823022,18.102129,21.040190,19.46
333,23,118,45.794262,6.938674,27.256819,27.36
334,61,118,45.798929,7.646203,29.722677,27.65
335,99,118,45.798929,8.353796,26.148605,29.35
336,137,118,45.794262,9.061325,22.939604,28.59
337,175,119,45.784930,9.768664,22.848993,33.94
338,213,119,45.770934,10.475687,26.961311,38.50
339,251,120,45.752281,11.182268,28.544384,38.26
340,289,122,45.728973,11.888281,28.223803,38.17
341,326,123,45.701019,12.593601,28.515696,33.04
342,364,125,45.668426,13.298104,27.941517,34.52
343,402,127,45.631204,14.001667,26.196547,36.25
344,439,129,45.589362,14.704167,26.255611,34.23
345,477,132,45.542913,15.405482,25.714945,27.70
346,515,134,45.491870,16.105494,25.116755,27.82
347,552,137,45.436247,16.804084,23.755701,27.21
348,589,141,45.376060,17.501133,21.821377,26.01
349,627,144,45.311326,18.196527,21.469612,24.34
350,23,92,46.287670,6.928539,24.469324,22.44
351,61,91,46.292384,7.642824,29.138273,32.18
352,99,91,46.292384,8.357175,29.618414,30.69
353,138,92,46.287670,9.071460,26.603916,30.30
354,176,92,46.278243,9.785550,22.990376,27.63
355,214,93,46.264106,10.499315,23.921736,37.09
356,252,94,46.245263,11.212625,26.708479,37.36
357,291,95,46.221720,11.925350,28.811930,37.05
358,329,97,46.193484,12.637363,29.809633,37.33
359,367,99,46.160561,13.348535,28.482862,33.22
360,405,101,46.122963,14.058739,27.181465,35.93
361,443,103,46.080699,14.767850,26.263035,37.00
362,481,105,46.033783,15.475744,25.017763,35.29
363,519,108,45.982226,16.182296,22.940573,27.93
364,556,111,45.926044,16.887385,24.408358,24.63
365,594,114,45.865253,17.590891,23.322565,22.60
366,632,118,45.799870,18.292694,21.897772,24.42
367,22,65,46.781342,6.918208,25.619740,28.62
368,61,65,46.786104,7.639380,24.012104,26.82
369,100,65,46.786104,8.360619,28.821583,33.60
370,138,65,46.781342,9.081791,30.003244,32.63
371,177,66,46.771820,9.802762,26.075346,32.83
372,216,67,46.757540,10.523398,23.707373,33.64
373,254,68,46.738506,11.243565,23.739931,36.81
374,293,69,46.714724,11.963132,24.680107,39.82
375,331,70,46.686201,12.681965,26.368652,36.20
376,370,72,46.652946,13.399932,29.325520,33.48
377,408,74,46.614967,14.116905,30.360149,33.50
378,446,76,46.572277,14.832752,27.494158,36.20
379,485,79,46.524886,15.547347,26.860903,34.69
380,523,82,46.472810,16.260561,26.442408,33.66
381,561,85,46.416062,16.972271,23.624475,28.95
382,599,88,46.354660,17.682351,22.668016,25.29
383,637,92,46.288621,18.390681,22.208838,23.32
384,22,39,47.275246,6.907676,29.299410,33.32
385,61,39,47.280056,7.635869,24.481264,32.28
386,100,39,47.280056,8.364130,23.665810,28.11
387,139,39,47.275246,9.092323,27.963207,35.93
388,178,39,47.265626,9.820308,27.468504,35.50
389,217,40,47.251201,10.547949,24.686058,38.35
390,256,41,47.231974,11.275108,24.330746,38.06
391,295,42,47.207951,12.001647,26.048677,46.00
392,334,44,47.179138,12.727432,23.763098,40.68
393,372,46,47.145545,13.452326,23.846033,36.45
394,411,48,47.107182,14.176196,27.102295,33.53
395,450,50,47.064059,14.898907,28.454573,31.61
396,489,53,47.016189,15.620330,27.286470,31.77
397,527,56,46.963586,16.340332,25.121260,26.72
398,566,59,46.906266,17.058785,27.659681,26.33
399,604,62,46.844245,17.775563,27.111031,23.09
400,642,65,46.777541,18.490539,25.782257,20.62
401,21,12,47.769345,6.896937,32.084652,31.90
402,61,12,47.774205,7.632288,28.262543,32.82
403,100,12,47.774205,8.367711,24.279963,32.42
404,139,12,47.769345,9.103062,25.896545,36.10
405,179,13,47.759628,9.838200,26.765511,37.97
406,218,14,47.745056,10.572983,26.864836,38.58
407,258,15,47.725632,11.307269,25.053434,40.57
408,297,16,47.701364,12.040918,27.432959,42.83
409,336,18,47.672259,12.773790,27.623575,46.31
410,375,19,47.638324,13.505744,24.596521,40.95
411,414,21,47.599571,14.236644,23.993216,34.01
412,454,24,47.556010,14.966352,24.692099,35.34
413,493,26,47.507655,15.694733,26.125313,36.13
414,531,29,47.454520,16.421652,25.083975,34.71
415,570,32,47.396620,17.146976,24.184666,27.22
416,609,36,47.333973,17.870576,24.973370,25.63
417,497,0,47.999249,15.770598,27.391859,35.90
418,536,3,47.945575,16.504566,29.518061,38.83
419,575,6,47.887088,17.236892,24.717634,35.62
420,614,9,47.823807,17.967443,24.921959,32.03
