vector_id,pixel_x,pixel_y,latitude,longitude,magnitude,alpha_deg
0,0,616,36.504607,6.500736,42.641762,-67.89
1,32,615,36.512337,7.100364,38.523602,-62.91
2,64,615,36.516202,7.700108,27.951027,-59.97
3,96,615,36.516202,8.299891,15.970402,-34.02
4,129,615,36.512337,8.899635,8.179738,6.63
5,161,616,36.504607,9.499263,5.205166,45.62
6,32,589,36.994759,7.093092,36.353256,-66.54
7,64,589,36.998662,7.697684,26.387491,-61.65
8,97,589,36.998662,8.302315,10.282829,-33.66
9,129,589,36.994759,8.906907,9.379117,28.15
10,161,590,36.986953,9.511380,8.784352,51.33
11,194,591,36.975246,10.115655,8.058265,44.69
12,226,591,36.959642,10.719655,8.459879,35.51
13,258,592,36.940143,11.323300,7.689658,32.73
14,291,594,36.916755,11.926512,7.705911,9.79
15,323,595,36.889483,12.529213,7.734467,35.57
16,355,597,36.858333,13.131326,8.498503,41.60
17,387,599,36.823313,13.732773,8.726735,29.73
18,420,601,36.784431,14.333479,7.882928,5.11
19,452,603,36.741697,14.933367,9.754489,19.67
20,484,606,36.695120,15.532361,9.332323,15.87
21,516,608,36.644711,16.130388,8.575095,25.52
22,548,611,36.590482,16.727372,9.493562,16.81
23,580,614,36.532447,17.323242,11.063310,21.26
24,31,564,37.478018,7.085702,34.137878,-71.77
25,64,563,37.481960,7.695220,23.526577,-69.63
26,97,563,37.481960,8.304779,4.502276,9.28
27,129,564,37.478018,8.914297,9.141006,52.98
28,162,564,37.470135,9.523694,12.883743,57.18
29,195,565,37.458313,10.132888,7.588278,52.95
30,227,566,37.442554,10.741800,7.011065,38.89
31,260,567,37.422863,11.350348,5.720891,46.61
32,292,568,37.399244,11.958453,7.799847,19.86
33,325,569,37.371703,12.566034,7.623830,34.16
34,357,571,37.340247,13.173013,8.762084,30.33
35,390,573,37.304882,13.779310,9.730889,30.15
36,422,575,37.265618,14.384847,6.784828,-3.32
37,455,577,37.222464,14.989545,8.676267,17.27
38,487,580,37.175430,15.593329,9.895806,22.08
39,519,583,37.124526,16.196122,9.072844,18.43
40,552,585,37.069766,16.797847,9.817003,12.87
41,584,589,37.011162,17.398431,7.800231,22.15
42,616,592,36.948729,17.997799,9.924438,11.29
43,31,538,37.962086,7.078190,32.052673,-75.88
44,64,537,37.966067,7.692716,19.447451,-80.56
45,97,537,37.966067,8.307283,3.883193,51.49
46,130,538,37.962087,8.921809,8.650092,66.87
47,163,538,37.954126,9.536210,11.462937,73.17
48,196,539,37.942187,10.150404,9.234148,62.92
49,228,540,37.926273,10.764308,6.114970,52.71
50,261,541,37.906387,11.377840,9.491260,35.03
51,294,542,37.882536,11.990917,6.502288,48.43
52,327,543,37.854723,12.603458,7.186015,35.83
53,360,545,37.822957,13.215381,8.769901,35.82
54,392,547,37.787244,13.826606,8.965208,28.86
55,425,549,37.747593,14.437052,6.988116,15.73
56,458,552,37.704015,15.046639,8.119047,9.98
57,490,554,37.656518,15.655289,9.419667,21.18
58,523,557,37.605115,16.262924,8.738536,23.79
59,555,560,37.549818,16.869465,8.649521,20.06
60,588,563,37.490640,17.474836,9.510390,16.78
61,620,566,37.427595,18.078962,9.293155,7.35
62,31,512,38.446939,7.070554,31.451506,-80.16
63,64,511,38.450959,7.690170,17.332987,-83.21
64,97,511,38.450959,8.309829,3.768858,16.83
65,130,512,38.446939,8.929445,8.780492,64.59
66,163,512,38.438899,9.548934,12.352882,83.09
67,196,513,38.426842,10.168210,10.555939,66.54
68,230,514,38.410771,10.787189,10.135863,59.77
69,263,515,38.390689,11.405787,7.661705,60.81
70,296,516,38.366602,12.023918,6.900181,42.30
71,329,518,38.338515,12.641500,7.843176,39.69
72,362,519,38.306435,13.258449,7.847211,26.10
73,395,521,38.270370,13.874681,7.756833,33.70
74,428,523,38.230329,14.490116,7.585022,25.64
75,461,526,38.186321,15.104671,9.623692,10.62
76,494,528,38.138358,15.718265,8.926836,17.91
77,527,531,38.086450,16.330818,7.804234,18.51
78,559,534,38.030610,16.942252,8.708750,14.54
79,592,537,37.970852,17.552486,9.545610,12.20
80,625,541,37.907190,18.161445,10.126765,8.27
81,30,486,38.932547,7.062790,30.472336,-84.99
82,64,485,38.936607,7.687582,17.493477,-85.13
83,97,485,38.936607,8.312417,5.701666,-45.53
84,131,486,38.932547,8.937209,9.566075,55.22
85,164,486,38.924428,9.561870,12.883895,84.46
86,197,487,38.912252,10.186313,12.882263,69.52
87,231,488,38.896022,10.810452,12.328557,64.15
88,264,489,38.875741,11.434199,11.802221,48.61
89,298,490,38.851416,12.057469,8.919965,45.15
90,331,492,38.823051,12.680175,7.408778,21.96
91,364,493,38.790655,13.302232,8.642744,32.50
92,398,495,38.754234,13.923555,7.085227,20.27
93,431,497,38.713798,14.544060,8.924817,28.83
94,464,500,38.669357,15.163663,7.697585,18.01
95,497,502,38.620921,15.782282,8.106236,20.16
96,530,505,38.568503,16.399834,7.857552,26.26
97,563,508,38.512115,17.016237,7.902812,1.91
98,596,511,38.451770,17.631413,9.962737,1.94
99,629,515,38.387484,18.245281,11.069146,-1.28
100,30,460,39.418884,7.054895,30.285959,-87.55
101,63,459,39.422985,7.684950,16.155628,-92.43
102,97,459,39.422985,8.315049,8.067423,-84.92
103,131,460,39.418884,8.945104,9.028049,56.93
104,165,460,39.410685,9.575024,12.275554,74.00
105,198,461,39.398388,10.204721,12.830301,61.86
106,232,462,39.381997,10.834106,13.159749,50.44
107,266,463,39.361516,11.463089,9.757528,43.48
108,300,464,39.336950,12.091583,9.589491,41.26
109,333,466,39.308305,12.719499,8.459952,31.35
110,367,467,39.275588,13.346749,7.552915,13.20
111,400,469,39.238808,13.973247,9.993790,24.58
112,434,471,39.197973,14.598906,10.018381,28.57
113,467,474,39.153093,15.223640,7.191894,14.87
114,501,477,39.104181,15.847365,6.912904,15.48
115,534,479,39.051246,16.469997,6.516897,23.28
116,567,482,38.994304,17.091452,9.234483,-4.87
117,601,486,38.933366,17.711647,9.910055,-3.40
118,634,489,38.868450,18.330503,10.981034,-14.14
119,29,434,39.905922,7.046866,30.456757,-91.04
120,63,433,39.910063,7.682273,15.671955,-92.68
121,97,433,39.910063,8.317726,9.227867,-94.15
122,131,434,39.905922,8.953133,2.793351,33.18
123,165,434,39.897641,9.588402,10.698991,54.72
124,199,435,39.885223,10.223442,12.873394,48.62
125,233,436,39.868669,10.858161,12.561431,41.04
126,267,437,39.847985,11.492469,12.268308,38.37
127,301,438,39.823176,12.126275,9.715186,40.81
128,335,440,39.794247,12.759488,10.094928,17.37
129,369,441,39.761207,13.392019,10.473229,7.85
130,403,443,39.724063,14.023777,10.348048,13.72
131,437,446,39.682824,14.654676,10.335400,15.55
132,471,448,39.637502,15.284627,9.824022,13.45
133,504,451,39.588107,15.913542,7.932899,7.38
134,538,453,39.534651,16.541337,6.360245,-2.22
135,571,457,39.477148,17.167925,10.375227,0.39
136,605,460,39.415612,17.793222,11.977818,-7.72
137,638,463,39.350057,18.417146,12.980140,-12.47
138,29,407,40.393632,7.038700,29.914661,-93.93
139,63,407,40.397814,7.679551,12.866655,-92.33
140,98,407,40.397814,8.320448,8.185112,-98.99
141,132,407,40.393632,8.961299,4.133959,-73.87
142,166,408,40.385269,9.602008,7.011974,26.78
143,200,409,40.372727,10.242483,8.037230,47.09
144,235,409,40.356009,10.882628,10.433925,39.70
145,269,411,40.335120,11.522352,11.762816,39.41
146,303,412,40.310065,12.161560,10.870877,27.59
147,337,413,40.280850,12.800160,9.883564,22.42
148,372,415,40.247482,13.438060,11.007039,13.67
149,406,417,40.209970,14.075169,10.412789,14.04
150,440,420,40.168324,14.711395,10.244184,21.14
151,474,422,40.122554,15.346649,9.788124,18.23
152,508,425,40.072671,15.980841,7.362349,10.45
153,542,428,40.018688,16.613884,8.808324,12.26
154,576,431,39.960618,17.245689,11.206238,5.09
155,609,434,39.898477,17.876171,13.081554,3.40
156,28,381,40.881986,7.030393,29.211992,-93.33
157,63,381,40.886209,7.676781,18.545458,-93.90
158,98,381,40.886209,8.323218,7.845428,-94.88
159,132,381,40.881986,8.969606,6.037569,-100.21
160,167,382,40.873539,9.615850,1.685441,-100.21
161,202,382,40.860873,10.261853,4.536713,50.52
162,236,383,40.843989,10.907518,7.053829,42.52
163,271,384,40.822892,11.552749,9.607279,33.66
164,305,386,40.797588,12.197453,11.098347,27.68
165,340,387,40.768083,12.841532,10.645615,23.27
166,374,389,40.734384,13.484893,10.232686,15.85
167,409,391,40.696501,14.127442,10.632606,24.59
168,443,393,40.654442,14.769086,10.329370,26.43
169,477,396,40.608219,15.409732,10.479020,15.74
170,512,399,40.557843,16.049290,9.498773,4.09
171,546,402,40.503328,16.687668,10.705959,8.08
172,580,405,40.444685,17.324777,12.798522,4.79
173,614,408,40.381932,17.960528,14.167726,-4.75
174,28,355,41.370953,7.021940,27.792965,-93.17
175,63,355,41.375219,7.673963,20.798815,-91.71
176,98,355,41.375219,8.326036,10.520202,-93.99
177,133,355,41.370953,8.978059,6.102153,-71.82
178,168,356,41.362423,9.629933,1.918858,-58.45
179,203,356,41.349630,10.281560,3.259522,26.54
180,237,357,41.332578,10.932840,7.814993,31.52
181,272,358,41.311272,11.583676,9.904859,27.34
182,307,360,41.285716,12.233969,9.916705,22.64
183,342,361,41.255918,12.883622,9.575661,27.70
184,377,363,41.221885,13.532538,7.358843,31.25
185,411,365,41.183626,14.180621,9.714057,36.40
186,446,367,41.141150,14.827775,7.996010,30.32
187,481,370,41.094469,15.473905,9.284345,15.17
188,515,373,41.043595,16.118918,11.619469,11.09
189,550,376,40.988540,16.762721,13.077128,5.00
190,584,379,40.929319,17.405222,14.208519,-2.07
191,618,382,40.865946,18.046331,16.869135,-6.64
192,27,329,41.860505,7.013339,27.704365,-94.88
193,63,329,41.864814,7.671096,21.015665,-94.19
194,98,329,41.864814,8.328903,12.990710,-99.00
195,133,329,41.860505,8.986660,9.563543,-93.52
196,168,329,41.851890,9.644264,3.583692,-91.44
197,204,330,41.838970,10.301613,3.705336,0.69
198,239,331,41.821748,10.958608,6.165593,17.66
199,274,332,41.800229,11.615145,7.107764,25.08
200,309,333,41.774419,12.271126,7.511572,40.85
201,344,335,41.744325,12.926450,7.111902,43.96
202,379,337,41.709953,13.581017,9.550882,45.90
203,414,339,41.671314,14.234729,8.672712,29.75
204,449,341,41.628417,14.887487,9.221313,28.86
205,484,344,41.581273,15.539195,11.925929,20.40
206,519,347,41.529895,16.189756,14.238266,8.33
207,554,350,41.474295,16.839076,15.470981,0.97
208,589,353,41.414489,17.487060,16.704790,-7.88
209,623,356,41.350490,18.133615,19.494394,-9.71
210,27,303,42.350612,7.004586,30.431686,-99.50
211,63,302,42.354963,7.668177,20.772367,-91.40
212,98,302,42.354963,8.331821,11.022218,-99.10
213,134,303,42.350612,8.995413,11.008199,-110.30
214,169,303,42.341910,9.658848,7.254824,-113.58
215,205,304,42.328861,10.322022,5.468539,-117.02
216,240,305,42.311468,10.984832,1.246965,-159.24
217,276,306,42.289734,11.647172,4.294919,110.94
218,311,307,42.263667,12.308940,4.342225,77.06
219,347,309,42.233272,12.970034,6.988688,57.38
220,382,311,42.198559,13.630351,8.672184,50.47
221,417,313,42.159535,14.289790,9.355883,31.85
222,453,315,42.116212,14.948250,11.704550,16.16
223,488,318,42.068600,15.605632,13.310978,8.29
224,523,320,42.016712,16.261837,15.500113,2.42
225,558,324,41.960561,16.916767,17.384493,-5.56
226,593,327,41.900163,17.570326,18.354464,-6.56
227,628,330,41.835532,18.222419,19.822783,-14.23
228,27,276,42.841242,6.995675,30.790155,-99.63
229,62,276,42.845637,7.665207,23.589748,-90.61
230,98,276,42.845637,8.334792,14.073195,-90.43
231,134,276,42.841242,9.004324,8.876765,-106.25
232,170,277,42.832453,9.673694,9.037918,-104.68
233,206,278,42.819274,10.342797,5.833380,-113.29
234,242,278,42.801707,11.011524,4.022735,-138.18
235,277,280,42.779756,11.679771,3.904050,97.94
236,313,281,42.753429,12.347429,1.639837,102.17
237,349,283,42.722731,13.014395,3.318769,61.53
238,385,285,42.687671,13.680564,5.952414,39.58
239,420,287,42.648259,14.345830,10.180808,28.54
240,456,289,42.604504,15.010092,12.687860,14.99
241,491,292,42.556419,15.673246,14.284846,-1.29
242,527,294,42.504015,16.335192,15.188188,-7.66
243,562,297,42.447308,16.995829,17.563238,-12.83
244,598,301,42.386311,17.655059,19.622608,-15.85
245,633,304,42.321041,18.312784,22.200047,-17.76
246,26,250,43.332365,6.986604,29.165085,-98.48
247,62,250,43.336804,7.662183,27.231287,-95.23
248,98,250,43.336804,8.337816,16.800135,-81.78
249,135,250,43.332365,9.013395,7.176754,-99.10
250,171,250,43.323489,9.688808,8.293462,-108.48
251,207,251,43.310177,10.363946,7.147079,-93.29
252,243,252,43.292434,11.038698,5.186359,-95.25
253,279,253,43.270264,11.712957,0.968096,-152.84
254,315,255,43.243673,12.386611,1.626549,-23.97
255,351,256,43.212669,13.059554,3.235539,5.12
256,387,258,43.177259,13.731678,6.529164,8.75
257,423,260,43.137453,14.402875,8.832357,3.44
258,459,263,43.093262,15.073041,11.713372,-1.57
259,495,265,43.044698,15.742069,15.130396,-12.09
260,531,268,42.991774,16.409856,18.542803,-16.09
261,567,271,42.934503,17.076299,20.558340,-13.36
262,602,275,42.872901,17.741297,21.505993,-13.23
263,638,278,42.806984,18.404750,21.446112,-16.02
264,26,224,43.823949,6.977368,27.299833,-93.83
265,62,223,43.828433,7.659103,27.771418,-93.24
266,99,223,43.828433,8.340896,21.788073,-87.32
267,135,224,43.823949,9.022631,9.204609,-67.80
268,172,224,43.814984,9.704197,4.291656,-92.48
269,208,225,43.801539,10.385480,6.143740,-72.10
270,245,226,43.783618,11.066367,5.392352,-53.53
271,281,227,43.761226,11.746746,4.999560,-28.85
272,317,228,43.734369,12.426505,5.832326,-8.92
273,354,230,43.703054,13.105533,8.072847,-6.09
274,390,232,43.667290,13.783719,10.118136,-5.69
275,426,234,43.627087,14.460953,12.798182,-3.84
276,463,237,43.582455,15.137127,15.798779,-6.56
277,499,239,43.533406,15.812133,17.118784,-12.83
278,535,242,43.479955,16.485864,18.045376,-17.03
279,571,245,43.422114,17.158215,18.940493,-14.37
280,607,249,43.359900,17.829081,19.289839,-16.21
281,643,252,43.293329,18.498361,17.639156,-17.36
282,25,197,44.315964,6.967961,26.981554,-88.42
283,62,197,44.320492,7.655967,27.852819,-91.04
284,99,197,44.320492,8.344032,24.710108,-87.37
285,136,197,44.315964,9.032038,14.341610,-72.56
286,172,198,44.306908,9.719869,7.063435,-33.03
287,209,199,44.293328,10.407410,7.046231,-49.21
288,246,200,44.275227,11.094544,8.652648,-50.21
289,283,201,44.252610,11.781156,8.161738,-30.30
290,320,202,44.225484,12.467130,9.092585,-13.33
291,356,204,44.193855,13.152353,10.435470,-8.87
292,393,206,44.157733,13.836711,12.477180,-12.98
293,430,208,44.117127,14.520091,14.302307,-15.01
294,466,210,44.072049,15.202381,15.900900,-14.10
295,503,213,44.022511,15.883472,16.121683,-14.17
296,539,216,43.968525,16.563252,16.380390,-17.22
297,575,219,43.910108,17.241614,18.163090,-17.89
298,612,222,43.847275,17.918452,17.566917,-16.76
299,25,171,44.808376,6.958380,27.066088,-82.37
300,62,171,44.812950,7.652773,27.019621,-85.82
301,99,171,44.812950,8.347226,25.470428,-84.80
302,136,171,44.808376,9.041619,18.747608,-74.20
303,173,171,44.799229,9.735832,8.932228,-41.92
304,210,172,44.785512,10.429747,9.504313,-27.31
305,248,173,44.767229,11.123243,10.489000,-36.96
306,285,174,44.744385,11.816203,9.848024,-35.71
307,322,176,44.716986,12.508507,10.651698,-26.04
308,359,178,44.685040,13.200039,12.195911,-19.00
309,396,180,44.648555,13.890682,14.153829,-15.27
310,433,182,44.607542,14.580319,14.752924,-16.40
311,470,184,44.562012,15.268837,16.170118,-14.84
312,507,187,44.511978,15.956120,16.225235,-16.58
313,543,190,44.457454,16.642058,16.111784,-16.24
314,580,193,44.398453,17.326539,16.235336,-19.45
315,617,196,44.334994,18.009453,15.764994,-16.71
316,24,145,45.301153,6.948619,27.384394,-77.44
317,62,144,45.305773,7.649519,26.149349,-79.43
318,99,144,45.305773,8.350480,25.963364,-82.73
319,137,145,45.301153,9.051380,22.735390,-75.95
320,174,145,45.291914,9.752095,11.324794,-43.81
321,212,146,45.278059,10.452502,10.296691,-22.83
322,249,147,45.259591,11.152480,11.331156,-25.46
323,287,148,45.236517,11.851905,11.445917,-28.89
324,324,150,45.208842,12.550657,11.839225,-33.46
325,361,151,45.176574,13.248614,13.534016,-26.97
326,399,153,45.139723,13.945657,14.820282,-21.40
327,436,155,45.098298,14.641667,14.291332,-21.29
328,473,158,45.052311,15.336525,13.081013,-18.35
329,510,161,45.001776,16.030115,13.936195,-18.87
330,548,164,44.946705,16.722322,14.758227,-19.88
331,585,167,44.887115,17.413031,15.160912,-24.19
332,621,170,44.823022,18.102129,15.823983,-22.06
333,23,118,45.794262,6.938674,28.074503,-71.39
334,61,118,45.798929,7.646203,26.892204,-72.24
335,99,118,45.798929,8.353796,26.365150,-79.23
336,137,118,45.794262,9.061325,25.472343,-77.11
337,175,119,45.784930,9.768664,14.147648,-51.54
338,213,119,45.770934,10.475687,12.161497,-32.59
339,251,120,45.752281,11.182268,12.420919,-26.69
340,289,122,45.728973,11.888281,12.663710,-30.13
341,326,123,45.701019,12.593601,15.057424,-39.82
342,364,125,45.668426,13.298104,14.954805,-37.16
343,402,127,45.631204,14.001667,13.351309,-29.98
344,439,129,45.589362,14.704167,12.677275,-25.73
345,477,132,45.542913,15.405482,12.130756,-23.43
346,515,134,45.491870,16.105494,13.798001,-21.54
347,552,137,45.436247,16.804084,14.508481,-21.57
348,589,141,45.376060,17.501133,14.995646,-28.94
349,627,144,45.311326,18.196527,16.221588,-29.50
350,23,92,46.287670,6.928539,30.593519,-69.21
351,61,91,46.292384,7.642824,27.846617,-67.13
352,99,91,46.292384,8.357175,25.937704,-70.28
353,138,92,46.287670,9.071460,25.786707,-74.96
354,176,92,46.278243,9.785550,16.840607,-56.68
355,214,93,46.264106,10.499315,14.411279,-39.94
356,252,94,46.245263,11.212625,13.459233,-27.83
357,291,95,46.221720,11.925350,14.606820,-35.11
358,329,97,46.193484,12.637363,16.559532,-41.76
359,367,99,46.160561,13.348535,16.079628,-36.95
360,405,101,46.122963,14.058739,13.899618,-35.57
361,443,103,46.080699,14.767850,12.655012,-24.33
362,481,105,46.033783,15.475744,13.097569,-24.50
363,519,108,45.982226,16.182296,13.607717,-22.96
364,556,111,45.926044,16.887385,13.604485,-25.90
365,594,114,45.865253,17.590891,14.650328,-31.35
366,632,118,45.799870,18.292694,17.016283,-32.55
367,22,65,46.781342,6.918208,31.487579,-66.59
368,61,65,46.786104,7.639380,28.403217,-64.26
369,100,65,46.786104,8.360619,26.032982,-67.78
370,138,65,46.781342,9.081791,26.747765,-74.15
371,177,66,46.771820,9.802762,19.229383,-59.71
372,216,67,46.757540,10.523398,14.286938,-36.50
373,254,68,46.738506,11.243565,15.061275,-29.77
374,293,69,46.714724,11.963132,15.220557,-32.30
375,331,70,46.686201,12.681965,16.085732,-39.48
376,370,72,46.652946,13.399932,14.891067,-37.35
377,408,74,46.614967,14.116905,13.514479,-35.97
378,446,76,46.572277,14.832752,11.877817,-27.34
379,485,79,46.524886,15.547347,12.200896,-26.82
380,523,82,46.472810,16.260561,11.520740,-27.04
381,561,85,46.416062,16.972271,12.794464,-27.44
382,599,88,46.354660,17.682351,15.252471,-31.69
383,637,92,46.288621,18.390681,19.137197,-36.63
384,22,39,47.275246,6.907676,30.282784,-62.66
385,61,39,47.280056,7.635869,28.153288,-62.62
386,100,39,47.280056,8.364130,26.559542,-64.53
387,139,39,47.275246,9.092323,25.822184,-71.85
388,178,39,47.265626,9.820308,19.443554,-58.65
389,217,40,47.251201,10.547949,13.762822,-31.58
390,256,41,47.231974,11.275108,15.832722,-28.28
391,295,42,47.207951,12.001647,15.207846,-30.72
392,334,44,47.179138,12.727432,15.185270,-35.15
393,372,46,47.145545,13.452326,14.767620,-38.55
394,411,48,47.107182,14.176196,12.087114,-35.47
395,450,50,47.064059,14.898907,11.593873,-29.72
396,489,53,47.016189,15.620330,11.023073,-29.23
397,527,56,46.963586,16.340332,10.874576,-32.36
398,566,59,46.906266,17.058785,13.542624,-33.02
399,604,62,46.844245,17.775563,16.855974,-34.39
400,642,65,46.777541,18.490539,22.004625,-41.94
401,21,12,47.769345,6.896937,28.416567,-59.91
402,61,12,47.774205,7.632288,28.115881,-61.40
403,100,12,47.774205,8.367711,25.897646,-61.96
404,139,12,47.769345,9.103062,24.591667,-67.90
405,179,13,47.759628,9.838200,23.032141,-61.69
406,218,14,47.745056,10.572983,13.102291,-36.23
407,258,15,47.725632,11.307269,15.459909,-28.61
408,297,16,47.701364,12.040918,15.254494,-26.76
409,336,18,47.672259,12.773790,15.875820,-32.88
410,375,19,47.638324,13.505744,14.673043,-38.60
411,414,21,47.599571,14.236644,11.919526,-34.04
412,454,24,47.556010,14.966352,11.210168,-30.41
413,493,26,47.507655,15.694733,10.565853,-32.33
414,531,29,47.454520,16.421652,12.040378,-34.08
415,570,32,47.396620,17.146976,15.503724,-36.08
416,609,36,47.333973,17.870576,18.930002,-38.60
417,497,0,47.999249,15.770598,11.098256,-29.59
418,536,3,47.945575,16.504566,13.506295,-35.11
419,575,6,47.887088,17.236892,16.359512,-37.50
420,614,9,47.823807,17.967443,21.071930,-43.98
