vector_id,pixel_x,pixel_y,latitude,longitude,magnitude,alpha_deg
0,0,992,36.504607,6.500736,34.598652,21.46
1,52,991,36.512337,7.100364,33.932438,17.33
2,104,991,36.516202,7.700108,31.890345,17.94
3,155,991,36.516202,8.299891,30.349554,12.77
4,207,991,36.512337,8.899635,29.339930,10.11
5,259,992,36.504607,9.499263,29.267475,5.70
6,51,949,36.994759,7.093092,36.369972,19.53
7,103,949,36.998662,7.697684,35.350334,16.49
8,156,949,36.998662,8.302315,33.556755,14.18
9,208,949,36.994759,8.906907,32.747463,11.78
10,260,950,36.986953,9.511380,31.797117,8.63
11,312,951,36.975246,10.115655,31.441889,5.09
12,364,952,36.959642,10.719655,31.245930,0.23
13,416,954,36.940143,11.323300,31.138203,-3.51
14,468,956,36.916755,11.926512,31.587992,-6.81
15,520,958,36.889483,12.529213,31.716221,-11.50
16,572,961,36.858333,13.131326,31.418032,-18.52
17,624,964,36.823313,13.732773,30.351112,-25.56
18,676,967,36.784431,14.333479,30.298590,-32.46
19,728,971,36.741697,14.933367,29.886139,-36.14
20,780,975,36.695120,15.532361,29.780127,-35.07
21,831,980,36.644711,16.130388,29.572762,-35.46
22,883,984,36.590482,16.727372,30.949570,-36.66
23,934,989,36.532447,17.323242,30.247971,-41.90
24,51,908,37.478018,7.085702,39.085999,20.18
25,103,907,37.481960,7.695220,38.611675,18.62
26,156,907,37.481960,8.304779,37.029770,16.56
27,208,908,37.478018,8.914297,36.523098,13.31
28,261,908,37.470135,9.523694,35.080624,11.34
29,314,909,37.458313,10.132888,33.592438,7.88
30,366,911,37.442554,10.741800,33.112930,3.24
31,419,912,37.422863,11.350348,33.325851,-0.89
32,471,914,37.399244,11.958453,33.294819,-4.26
33,524,917,37.371703,12.566034,32.858559,-9.42
34,576,919,37.340247,13.173013,32.445320,-15.31
35,628,923,37.304882,13.779310,31.355780,-23.13
36,681,926,37.265618,14.384847,31.345455,-28.31
37,733,930,37.222464,14.989545,31.381477,-32.48
38,785,934,37.175430,15.593329,31.232018,-31.37
39,837,938,37.124526,16.196122,31.044752,-32.40
40,889,943,37.069766,16.797847,31.321762,-34.99
41,941,948,37.011162,17.398431,30.500771,-40.53
42,992,953,36.948729,17.997799,29.716953,-43.83
43,50,866,37.962086,7.078190,41.454868,20.85
44,103,865,37.966067,7.692716,41.372601,19.78
45,156,865,37.966067,8.307283,39.853092,16.49
46,209,866,37.962087,8.921809,38.797775,13.73
47,262,866,37.954126,9.536210,37.617882,10.02
48,315,868,37.942187,10.150404,35.787800,8.46
49,368,869,37.926273,10.764308,35.641834,4.79
50,421,871,37.906387,11.377840,35.490826,1.95
51,474,873,37.882536,11.990917,35.036137,-1.89
52,527,875,37.854723,12.603458,33.691799,-6.63
53,580,878,37.822957,13.215381,32.990311,-11.97
54,632,881,37.787244,13.826606,33.838539,-18.79
55,685,884,37.747593,14.437052,33.645748,-24.75
56,738,888,37.704015,15.046639,33.250370,-29.28
57,790,892,37.656518,15.655289,33.131554,-30.57
58,843,897,37.605115,16.262924,32.687847,-31.46
59,895,901,37.549818,16.869465,31.791216,-32.91
60,947,906,37.490640,17.474836,30.391834,-37.50
61,999,912,37.427595,18.078962,29.794493,-40.92
62,49,824,38.446939,7.070554,42.896786,21.94
63,103,824,38.450959,7.690170,43.950134,19.75
64,156,824,38.450959,8.309829,43.190071,17.89
65,210,824,38.446939,8.929445,41.974781,14.70
66,263,825,38.438899,9.548934,39.857578,11.03
67,317,826,38.426842,10.168210,38.816456,7.03
68,370,827,38.410771,10.787189,38.240730,5.00
69,423,829,38.390689,11.405787,37.147743,3.10
70,477,831,38.366602,12.023918,36.870266,-1.65
71,530,833,38.338515,12.641500,36.427277,-5.54
72,583,836,38.306435,13.258449,36.576469,-9.80
73,637,839,38.270370,13.874681,36.447746,-15.28
74,690,843,38.230329,14.490116,35.763954,-21.40
75,743,846,38.186321,15.104671,35.744999,-26.25
76,796,851,38.138358,15.718265,34.157543,-27.17
77,848,855,38.086450,16.330818,33.988098,-27.41
78,901,860,38.030610,16.942252,32.211269,-31.79
79,954,865,37.970852,17.552486,31.031157,-34.83
80,1006,871,37.907190,18.161445,30.523409,-37.09
81,49,782,38.932547,7.062790,44.681236,21.64
82,102,782,38.936607,7.687582,44.486916,20.83
83,156,782,38.936607,8.312417,44.787540,18.06
84,210,782,38.932547,8.937209,43.206215,14.82
85,264,783,38.924428,9.561870,41.603016,11.33
86,318,784,38.912252,10.186313,41.038849,7.14
87,372,785,38.896022,10.810452,40.661022,3.67
88,426,787,38.875741,11.434199,39.766624,0.48
89,480,789,38.851416,12.057469,38.779709,-1.67
90,533,791,38.823051,12.680175,38.018314,-4.45
91,587,794,38.790655,13.302232,37.687393,-7.88
92,641,797,38.754234,13.923555,37.933567,-11.37
93,694,801,38.713798,14.544060,37.434639,-16.59
94,748,805,38.669357,15.163663,36.541542,-21.64
95,801,809,38.620921,15.782282,34.939358,-22.93
96,854,813,38.568503,16.399834,35.688469,-23.71
97,908,818,38.512115,17.016237,32.088272,-31.18
98,961,824,38.451770,17.631413,30.859743,-32.52
99,1014,829,38.387484,18.245281,29.865324,-32.77
100,48,740,39.418884,7.054895,46.846115,20.78
101,102,740,39.422985,7.684950,45.928623,20.87
102,157,740,39.422985,8.315049,46.134964,18.31
103,211,740,39.418884,8.945104,45.305904,15.63
104,265,741,39.410685,9.575024,42.814835,11.78
105,320,742,39.398388,10.204721,43.184219,7.45
106,374,743,39.381997,10.834106,42.144920,4.18
107,428,745,39.361516,11.463089,41.849167,1.10
108,483,747,39.336950,12.091583,40.794121,-2.08
109,537,750,39.308305,12.719499,39.958504,-4.87
110,591,752,39.275588,13.346749,39.974976,-7.35
111,645,756,39.238808,13.973247,39.321236,-10.65
112,699,759,39.197973,14.598906,39.524189,-14.24
113,753,763,39.153093,15.223640,37.936253,-17.59
114,807,767,39.104181,15.847365,37.063259,-18.79
115,861,772,39.051246,16.469997,37.606224,-21.19
116,914,777,38.994304,17.091452,32.617306,-28.57
117,968,782,38.933366,17.711647,30.992435,-28.86
118,1021,788,38.868450,18.330503,29.227983,-31.76
119,47,698,39.905922,7.046866,49.932045,19.50
120,102,698,39.910063,7.682273,48.864368,18.27
121,157,698,39.910063,8.317726,48.071167,18.50
122,212,698,39.905922,8.953133,47.244678,15.87
123,267,699,39.897641,9.588402,44.040382,11.19
124,321,700,39.885223,10.223442,44.806721,8.21
125,376,701,39.868669,10.858161,45.007698,5.18
126,431,703,39.847985,11.492469,44.233955,2.08
127,486,705,39.823176,12.126275,43.038132,-0.72
128,540,708,39.794247,12.759488,42.588306,-3.49
129,595,711,39.761207,13.392019,42.440994,-6.12
130,649,714,39.724063,14.023777,41.731853,-8.32
131,704,717,39.682824,14.654676,41.199211,-11.90
132,758,721,39.637502,15.284627,39.182655,-13.83
133,812,725,39.588107,15.913542,38.982166,-14.80
134,867,730,39.534651,16.541337,36.857777,-20.11
135,921,735,39.477148,17.167925,33.488861,-24.16
136,975,740,39.415612,17.793222,31.260174,-26.69
137,1029,746,39.350057,18.417146,30.023840,-28.24
138,46,656,40.393632,7.038700,51.958263,19.34
139,102,656,40.397814,7.679551,51.366787,17.55
140,157,656,40.397814,8.320448,51.302906,16.50
141,212,656,40.393632,8.961299,48.387737,15.77
142,268,657,40.385269,9.602008,47.415127,13.83
143,323,658,40.372727,10.242483,47.389774,10.22
144,378,659,40.356009,10.882628,47.943779,6.45
145,433,661,40.335120,11.522352,46.297356,3.04
146,489,663,40.310065,12.161560,46.446892,0.06
147,544,666,40.280850,12.800160,45.513699,-1.78
148,599,669,40.247482,13.438060,44.662548,-4.27
149,654,672,40.209970,14.075169,43.600075,-7.02
150,709,675,40.168324,14.711395,42.015739,-10.65
151,764,679,40.122554,15.346649,41.155849,-11.61
152,818,684,40.072671,15.980841,41.316231,-12.33
153,873,688,40.018688,16.613884,35.194599,-18.16
154,927,693,39.960618,17.245689,34.125149,-19.21
155,982,699,39.898477,17.876171,33.125000,-23.87
156,46,614,40.881986,7.030393,53.900921,20.59
157,102,613,40.886209,7.676781,53.672581,18.31
158,157,613,40.886209,8.323218,53.010002,16.91
159,213,614,40.881986,8.969606,51.981255,16.33
160,269,615,40.873539,9.615850,51.021584,15.29
161,325,616,40.860873,10.261853,49.787048,10.36
162,380,617,40.843989,10.907518,50.682594,6.93
163,436,619,40.822892,11.552749,49.124126,5.10
164,492,621,40.797588,12.197453,48.554874,2.73
165,547,624,40.768083,12.841532,47.903782,-0.50
166,603,627,40.734384,13.484893,45.890751,-3.00
167,658,630,40.696501,14.127442,44.134823,-6.57
168,714,633,40.654442,14.769086,42.811821,-9.71
169,769,637,40.608219,15.409732,43.381615,-7.97
170,824,642,40.557843,16.049290,37.617607,-13.57
171,879,646,40.503328,16.687668,36.680378,-14.76
172,934,652,40.444685,17.324777,35.029728,-17.32
173,989,657,40.381932,17.960528,34.991222,-18.64
174,45,572,41.370953,7.021940,55.793465,20.12
175,101,571,41.375219,7.673963,55.286613,18.86
176,158,571,41.375219,8.326036,55.113388,18.40
177,214,572,41.370953,8.978059,55.074509,18.37
178,270,572,41.362423,9.629933,52.403328,15.18
179,326,573,41.349630,10.281560,51.673279,11.57
180,383,575,41.332578,10.932840,52.134441,8.02
181,439,577,41.311272,11.583676,52.164497,5.90
182,495,579,41.285716,12.233969,49.865982,4.08
183,551,582,41.255918,12.883622,48.819828,1.14
184,607,584,41.221885,13.532538,46.202423,-3.57
185,663,588,41.183626,14.180621,44.150036,-5.58
186,719,591,41.141150,14.827775,44.083424,-4.97
187,775,595,41.094469,15.473905,41.391602,-5.89
188,830,600,41.043595,16.118918,38.891495,-9.92
189,886,605,40.988540,16.762721,36.796864,-14.86
190,941,610,40.929319,17.405222,36.765060,-15.94
191,997,615,40.865946,18.046331,36.135712,-16.03
192,44,529,41.860505,7.013339,55.904972,20.78
193,101,529,41.864814,7.671096,56.290428,20.58
194,158,529,41.864814,8.328903,56.269260,18.01
195,215,529,41.860505,8.986660,57.551502,17.87
196,271,530,41.851890,9.644264,54.218426,14.42
197,328,531,41.838970,10.301613,53.792267,11.57
198,385,533,41.821748,10.958608,53.866753,7.81
199,441,535,41.800229,11.615145,53.798500,4.84
200,498,537,41.774419,12.271126,50.527401,3.94
201,555,539,41.744325,12.926450,47.476597,0.57
202,611,542,41.709953,13.581017,44.730030,-1.93
203,668,546,41.671314,14.234729,43.063591,-2.82
204,724,549,41.628417,14.887487,46.168621,-0.99
205,780,553,41.581273,15.539195,39.878799,-5.87
206,836,558,41.529895,16.189756,37.399281,-10.61
207,892,563,41.474295,16.839076,36.931000,-13.26
208,948,568,41.414489,17.487060,36.636883,-14.20
209,1004,573,41.350490,18.133615,35.203861,-14.16
210,44,487,42.350612,7.004586,56.305679,20.34
211,101,487,42.354963,7.668177,56.011074,20.01
212,158,487,42.354963,8.331821,56.914211,19.56
213,215,487,42.350612,8.995413,54.269653,16.43
214,273,488,42.341910,9.658848,55.021542,15.07
215,330,489,42.328861,10.322022,54.711777,12.84
216,387,490,42.311468,10.984832,54.437485,9.44
217,444,492,42.289734,11.647172,53.592819,6.93
218,501,495,42.263667,12.308940,48.293083,3.31
219,558,497,42.233272,12.970034,46.444504,2.51
220,615,500,42.198559,13.630351,43.562496,0.60
221,672,504,42.159535,14.289790,46.841911,3.44
222,729,507,42.116212,14.948250,43.876324,-0.92
223,786,511,42.068600,15.605632,39.208836,-6.53
224,843,516,42.016712,16.261837,37.000771,-8.28
225,899,521,41.960561,16.916767,37.354424,-10.04
226,955,526,41.900163,17.570326,36.071346,-11.47
227,1012,531,41.835532,18.222419,35.936314,-11.55
228,43,445,42.841242,6.995675,55.233181,20.96
229,101,444,42.845637,7.665207,56.381588,20.34
230,158,444,42.845637,8.334792,56.727917,19.09
231,216,445,42.841242,9.004324,55.066227,18.65
232,274,445,42.832453,9.673694,54.764263,16.76
233,332,447,42.819274,10.342797,54.366856,13.05
234,389,448,42.801707,11.011524,54.102360,11.27
235,447,450,42.779756,11.679771,50.522984,8.04
236,505,452,42.753429,12.347429,49.163452,6.15
237,562,455,42.722731,13.014395,47.316566,4.24
238,620,458,42.687671,13.680564,46.938854,3.46
239,677,461,42.648259,14.345830,48.326321,2.97
240,734,465,42.604504,15.010092,43.452461,-2.36
241,792,469,42.556419,15.673246,40.532684,-4.87
242,849,474,42.504015,16.335192,38.264408,-6.44
243,906,479,42.447308,16.995829,37.747822,-8.52
244,963,484,42.386311,17.655059,38.027447,-9.79
245,1020,490,42.321041,18.312784,37.555397,-11.08
246,42,402,43.332365,6.986604,56.496296,21.06
247,100,402,43.336804,7.662183,56.510826,20.62
248,159,402,43.336804,8.337816,56.165188,19.80
249,217,402,43.332365,9.013395,55.699955,18.66
250,275,403,43.323489,9.688808,54.921059,16.35
251,333,404,43.310177,10.363946,54.013508,13.45
252,392,406,43.292434,11.038698,53.392654,10.99
253,450,408,43.270264,11.712957,50.815521,9.96
254,508,410,43.243673,12.386611,49.292755,7.18
255,566,413,43.212669,13.059554,47.311260,4.53
256,624,416,43.177259,13.731678,49.758762,6.60
257,682,419,43.137453,14.402875,47.490810,1.52
258,740,423,43.093262,15.073041,44.632828,-1.87
259,798,427,43.044698,15.742069,42.169601,-3.17
260,855,432,42.991774,16.409856,39.996601,-4.29
261,913,437,42.934503,17.076299,38.555187,-6.46
262,970,442,42.872901,17.741297,39.413521,-8.29
263,1027,448,42.806984,18.404750,39.696682,-8.92
264,41,360,43.823949,6.977368,57.522270,21.20
265,100,359,43.828433,7.659103,57.071827,20.89
266,159,359,43.828433,8.340896,55.753304,18.82
267,218,360,43.823949,9.022631,56.672729,18.79
268,277,361,43.814984,9.704197,56.623699,17.95
269,335,362,43.801539,10.385480,55.337826,15.24
270,394,363,43.783618,11.066367,53.003883,10.86
271,453,365,43.761226,11.746746,51.214008,8.16
272,512,368,43.734369,12.426505,49.125595,7.85
273,570,370,43.703054,13.105533,49.801861,9.66
274,629,373,43.667290,13.783719,50.559525,4.77
275,687,377,43.627087,14.460953,47.620541,1.94
276,745,381,43.582455,15.137127,45.276962,-0.05
277,804,385,43.533406,15.812133,43.561195,-0.40
278,862,390,43.479955,16.485864,41.821674,-2.87
279,920,395,43.422114,17.158215,41.346703,-4.48
280,978,400,43.359900,17.829081,43.528461,-3.63
281,1036,406,43.293329,18.498361,41.239445,-9.72
282,40,317,44.315964,6.967961,59.033230,22.63
283,100,317,44.320492,7.655967,57.961811,21.08
284,159,317,44.320492,8.344032,57.643169,20.17
285,219,317,44.315964,9.032038,57.156303,18.95
286,278,318,44.306908,9.719869,55.729679,16.31
287,337,319,44.293328,10.407410,51.774990,13.07
288,397,321,44.275227,11.094544,53.214630,14.86
289,456,323,44.252610,11.781156,52.479195,13.61
290,515,325,44.225484,12.467130,53.127548,11.54
291,574,328,44.193855,13.152353,52.917625,9.14
292,633,331,44.157733,13.836711,50.209740,5.78
293,692,335,44.117127,14.520091,48.229927,3.46
294,751,338,44.072049,15.202381,47.145596,2.07
295,810,343,44.022511,15.883472,44.944920,-0.54
296,869,347,43.968525,16.563252,42.524353,-1.52
297,927,352,43.910108,17.241614,46.139023,0.62
298,986,358,43.847275,17.918452,44.573456,-4.76
299,40,275,44.808376,6.958380,57.090244,25.11
300,99,275,44.812950,7.652773,57.392029,23.21
301,159,275,44.812950,8.347226,58.683357,20.83
302,219,275,44.808376,9.041619,56.836864,19.49
303,279,276,44.799229,9.735832,55.765907,19.46
304,339,277,44.785512,10.429747,53.810852,16.83
305,399,278,44.767229,11.123243,53.123089,14.18
306,459,280,44.744385,11.816203,53.698746,12.21
307,519,283,44.716986,12.508507,53.319202,10.00
308,578,286,44.685040,13.200039,52.762779,8.21
309,638,289,44.648555,13.890682,50.958828,7.24
310,697,292,44.607542,14.580319,50.136391,6.52
311,757,296,44.562012,15.268837,47.692394,3.69
312,816,300,44.511978,15.956120,45.864105,1.36
313,875,305,44.457454,16.642058,48.093441,3.10
314,934,310,44.398453,17.326539,45.728271,-3.63
315,993,316,44.334994,18.009453,45.600182,-4.36
316,39,232,45.301153,6.948619,57.661263,26.87
317,99,232,45.305773,7.649519,57.383114,24.60
318,160,232,45.305773,8.350480,57.360775,23.02
319,220,232,45.301153,9.051380,56.591423,20.77
320,281,233,45.291914,9.752095,55.541889,18.80
321,341,234,45.278059,10.452502,54.798977,17.97
322,402,236,45.259591,11.152480,53.362709,16.29
323,462,238,45.236517,11.851905,52.997467,13.95
324,522,240,45.208842,12.550657,52.467823,12.03
325,582,243,45.176574,13.248614,52.587444,9.83
326,643,246,45.139723,13.945657,52.722115,7.52
327,703,250,45.098298,14.641667,51.253807,7.31
328,763,254,45.052311,15.336525,48.141155,5.10
329,823,258,45.001776,16.030115,49.656624,5.76
330,882,263,44.946705,16.722322,48.753452,1.45
331,942,268,44.887115,17.413031,47.974770,-0.28
332,1001,274,44.823022,18.102129,47.168751,-2.06
333,38,190,45.794262,6.938674,56.415272,25.64
334,99,189,45.798929,7.646203,55.235077,26.39
335,160,189,45.798929,8.353796,55.980381,23.06
336,221,190,45.794262,9.061325,55.617981,22.04
337,282,191,45.784930,9.768664,54.252827,19.55
338,343,192,45.770934,10.475687,54.714710,18.10
339,404,193,45.752281,11.182268,52.857052,17.33
340,465,195,45.728973,11.888281,51.927544,15.45
341,526,198,45.701019,12.593601,52.053368,12.76
342,587,201,45.668426,13.298104,52.837479,10.74
343,647,204,45.631204,14.001667,52.584167,9.17
344,708,208,45.589362,14.704167,49.578724,6.70
345,769,212,45.542913,15.405482,48.819908,7.90
346,829,216,45.491870,16.105494,49.614716,5.82
347,889,221,45.436247,16.804084,48.483364,4.14
348,949,226,45.376060,17.501133,48.860088,1.89
349,1010,232,45.311326,18.196527,50.136066,1.33
350,37,147,46.287670,6.928539,52.156536,27.12
351,99,147,46.292384,7.642824,53.757198,26.19
352,160,147,46.292384,8.357175,54.093464,26.74
353,222,147,46.287670,9.071460,51.621277,22.65
354,284,148,46.278243,9.785550,51.624882,22.59
355,345,149,46.264106,10.499315,53.117500,19.72
356,407,151,46.245263,11.212625,51.385948,17.35
357,468,153,46.221720,11.925350,50.530067,15.61
358,530,155,46.193484,12.637363,50.674011,13.66
359,591,158,46.160561,13.348535,51.197987,10.95
360,652,161,46.122963,14.058739,49.516823,8.84
361,714,165,46.080699,14.767850,46.640125,7.80
362,775,169,46.033783,15.475744,46.446056,7.33
363,836,174,45.982226,16.182296,48.123360,6.31
364,897,178,45.926044,16.887385,48.679520,4.93
365,957,184,45.865253,17.590891,48.343433,2.19
366,1018,189,45.799870,18.292694,47.903782,-0.50
367,36,105,46.781342,6.918208,48.488392,29.90
368,98,104,46.786104,7.639380,49.825912,27.36
369,161,104,46.786104,8.360619,50.336491,26.22
370,223,105,46.781342,9.081791,52.898159,25.34
371,285,105,46.771820,9.802762,49.898556,22.89
372,347,107,46.757540,10.523398,50.377483,21.41
373,409,108,46.738506,11.243565,48.539120,20.41
374,472,110,46.714724,11.963132,48.184166,18.45
375,534,113,46.686201,12.681965,49.606831,15.69
376,596,116,46.652946,13.399932,48.896347,12.89
377,657,119,46.614967,14.116905,46.943146,9.82
378,719,123,46.572277,14.832752,44.314556,8.55
379,781,127,46.524886,15.547347,44.121147,9.15
380,842,131,46.472810,16.260561,46.467285,7.54
381,904,136,46.416062,16.972271,47.111889,3.60
382,965,141,46.354660,17.682351,47.505310,1.03
383,1026,147,46.288621,18.390681,45.207397,0.33
384,35,62,47.275246,6.907676,46.901405,32.35
385,98,62,47.280056,7.635869,47.530422,30.77
386,161,62,47.280056,8.364130,49.382385,27.63
387,224,62,47.275246,9.092323,50.359051,24.69
388,287,63,47.265626,9.820308,48.334290,24.68
389,349,64,47.251201,10.547949,45.327892,22.54
390,412,66,47.231974,11.275108,47.681652,21.55
391,475,68,47.207951,12.001647,47.758381,20.76
392,537,70,47.179138,12.727432,47.484245,20.37
393,600,73,47.145545,13.452326,50.065498,17.37
394,663,77,47.107182,14.176196,45.953678,10.18
395,725,80,47.064059,14.898907,41.624519,10.26
396,787,84,47.016189,15.620330,43.760281,9.91
397,849,89,46.963586,16.340332,45.321106,6.11
398,911,94,46.906266,17.058785,46.276787,4.04
399,973,99,46.844245,17.775563,45.160313,0.60
400,1035,105,46.777541,18.490539,44.010540,3.72
401,34,19,47.769345,6.896937,45.498737,33.37
402,98,19,47.774205,7.632288,46.869827,31.79
403,161,19,47.774205,8.367711,47.934769,28.38
404,225,19,47.769345,9.103062,47.765247,25.84
405,288,20,47.759628,9.838200,49.029133,23.56
406,352,21,47.745056,10.572983,46.176815,24.88
407,415,23,47.725632,11.307269,46.668812,22.99
408,478,25,47.701364,12.040918,48.229038,22.78
409,541,28,47.672259,12.773790,49.650269,20.92
410,605,31,47.638324,13.505744,46.021687,16.79
411,668,34,47.599571,14.236644,43.748913,13.93
412,731,38,47.556010,14.966352,42.421703,11.59
413,794,42,47.507655,15.694733,41.925388,8.98
414,856,47,47.454520,16.421652,44.285442,7.85
415,919,52,47.396620,17.146976,44.985790,7.42
416,981,57,47.333973,17.870576,44.571854,8.47
417,800,0,47.999249,15.770598,40.520447,13.17
418,863,4,47.945575,16.504566,43.083588,12.09
419,927,9,47.887088,17.236892,42.304165,11.14
420,990,15,47.823807,17.967443,42.667259,10.27
