vector_id,pixel_x,pixel_y,latitude,longitude,magnitude,alpha_deg
0,0,992,36.504607,6.500736,14.468489,-74.02
1,52,991,36.512337,7.100364,15.475887,-72.45
2,104,991,36.516202,7.700108,14.917992,-65.48
3,155,991,36.516202,8.299891,16.585440,-62.64
4,207,991,36.512337,8.899635,13.667935,-67.84
5,259,992,36.504607,9.499263,11.715259,-54.15
6,51,949,36.994759,7.093092,14.772323,-65.97
7,103,949,36.998662,7.697684,15.642223,-59.22
8,156,949,36.998662,8.302315,13.638054,-57.18
9,208,949,36.994759,8.906907,14.178044,-60.68
10,260,950,36.986953,9.511380,11.637486,-58.80
11,312,951,36.975246,10.115655,9.481406,-48.02
12,364,952,36.959642,10.719655,7.842860,-30.39
13,416,954,36.940143,11.323300,7.402182,21.21
14,468,956,36.916755,11.926512,8.864694,19.69
15,520,958,36.889483,12.529213,8.170108,33.93
16,572,961,36.858333,13.131326,10.067318,25.91
17,624,964,36.823313,13.732773,7.108928,46.46
18,676,967,36.784431,14.333479,6.667408,52.29
19,728,971,36.741697,14.933367,5.927723,31.63
20,780,975,36.695120,15.532361,5.099496,25.64
21,831,980,36.644711,16.130388,4.245769,5.09
22,883,984,36.590482,16.727372,3.919774,-23.23
23,934,989,36.532447,17.323242,3.632652,-37.92
24,51,908,37.478018,7.085702,15.123401,-60.86
25,103,907,37.481960,7.695220,13.989644,-59.93
26,156,907,37.481960,8.304779,12.355154,-61.73
27,208,908,37.478018,8.914297,12.037693,-62.39
28,261,908,37.470135,9.523694,11.533377,-60.06
29,314,909,37.458313,10.132888,7.468843,-35.82
30,366,911,37.442554,10.741800,4.981651,-35.86
31,419,912,37.422863,11.350348,4.889013,-34.33
32,471,914,37.399244,11.958453,6.853457,52.48
33,524,917,37.371703,12.566034,8.206128,37.70
34,576,919,37.340247,13.173013,7.635439,21.18
35,628,923,37.304882,13.779310,8.161407,44.47
36,681,926,37.265618,14.384847,5.949003,55.18
37,733,930,37.222464,14.989545,5.834921,40.56
38,785,934,37.175430,15.593329,4.665710,24.18
39,837,938,37.124526,16.196122,4.770437,14.21
40,889,943,37.069766,16.797847,4.045583,-19.81
41,941,948,37.011162,17.398431,3.735321,-23.55
42,992,953,36.948729,17.997799,3.826290,-48.18
43,50,866,37.962086,7.078190,14.442590,-56.47
44,103,865,37.966067,7.692716,13.094414,-61.44
45,156,865,37.966067,8.307283,12.278761,-62.40
46,209,866,37.962087,8.921809,10.470749,-65.44
47,262,866,37.954126,9.536210,9.968821,-71.07
48,315,868,37.942187,10.150404,3.875341,-76.34
49,368,869,37.926273,10.764308,4.502166,-29.93
50,421,871,37.906387,11.377840,3.711396,26.25
51,474,873,37.882536,11.990917,5.965641,49.67
52,527,875,37.854723,12.603458,6.509779,33.92
53,580,878,37.822957,13.215381,7.241792,32.85
54,632,881,37.787244,13.826606,7.025612,39.06
55,685,884,37.747593,14.437052,6.081505,56.97
56,738,888,37.704015,15.046639,4.838616,44.26
57,790,892,37.656518,15.655289,4.494692,29.41
58,843,897,37.605115,16.262924,4.655138,13.38
59,895,901,37.549818,16.869465,3.795514,-18.37
60,947,906,37.490640,17.474836,3.605388,-16.02
61,999,912,37.427595,18.078962,3.392159,-43.93
62,49,824,38.446939,7.070554,13.093975,-58.61
63,103,824,38.450959,7.690170,10.281443,-67.86
64,156,824,38.450959,8.309829,9.768783,-67.50
65,210,824,38.446939,8.929445,8.309711,-67.81
66,263,825,38.438899,9.548934,6.776723,-83.97
67,317,826,38.426842,10.168210,5.589704,-104.68
68,370,827,38.410771,10.787189,4.392329,-93.36
69,423,829,38.390689,11.405787,1.538386,116.81
70,477,831,38.366602,12.023918,2.908641,56.37
71,530,833,38.338515,12.641500,3.245305,39.68
72,583,836,38.306435,13.258449,5.632654,22.33
73,637,839,38.270370,13.874681,4.509166,57.61
74,690,843,38.230329,14.490116,5.883327,62.81
75,743,846,38.186321,15.104671,6.779171,57.09
76,796,851,38.138358,15.718265,5.029754,45.59
77,848,855,38.086450,16.330818,4.551471,8.50
78,901,860,38.030610,16.942252,3.794241,-12.06
79,954,865,37.970852,17.552486,3.692484,-19.58
80,1006,871,37.907190,18.161445,3.443430,-40.12
81,49,782,38.932547,7.062790,10.779682,-63.31
82,102,782,38.936607,7.687582,9.257767,-72.94
83,156,782,38.936607,8.312417,8.885039,-73.40
84,210,782,38.932547,8.937209,8.687639,-62.91
85,264,783,38.924428,9.561870,4.842697,-81.39
86,318,784,38.912252,10.186313,6.652345,-105.32
87,372,785,38.896022,10.810452,5.271214,-119.24
88,426,787,38.875741,11.434199,2.540049,-125.37
89,480,789,38.851416,12.057469,1.284024,14.58
90,533,791,38.823051,12.680175,4.634739,48.75
91,587,794,38.790655,13.302232,3.503309,36.26
92,641,797,38.754234,13.923555,3.861303,70.80
93,694,801,38.713798,14.544060,6.016347,74.06
94,748,805,38.669357,15.163663,6.525673,55.35
95,801,809,38.620921,15.782282,5.585680,35.83
96,854,813,38.568503,16.399834,4.137699,17.02
97,908,818,38.512115,17.016237,3.606033,-19.61
98,961,824,38.451770,17.631413,3.731203,-24.94
99,1014,829,38.387484,18.245281,3.822165,-37.25
100,48,740,39.418884,7.054895,10.353672,-65.07
101,102,740,39.422985,7.684950,8.772185,-70.84
102,157,740,39.422985,8.315049,8.335833,-68.59
103,211,740,39.418884,8.945104,6.719446,-63.73
104,265,741,39.410685,9.575024,4.690291,-65.78
105,320,742,39.398388,10.204721,3.793660,-85.02
106,374,743,39.381997,10.834106,4.058683,-109.20
107,428,745,39.361516,11.463089,2.977558,-106.73
108,483,747,39.336950,12.091583,1.130134,-92.65
109,537,750,39.308305,12.719499,1.127237,21.02
110,591,752,39.275588,13.346749,2.447311,60.96
111,645,756,39.238808,13.973247,2.692854,62.19
112,699,759,39.197973,14.598906,6.515908,74.19
113,753,763,39.153093,15.223640,6.222124,53.55
114,807,767,39.104181,15.847365,5.326010,42.02
115,861,772,39.051246,16.469997,3.766370,19.64
116,914,777,38.994304,17.091452,3.881339,-17.74
117,968,782,38.933366,17.711647,3.737880,-24.66
118,1021,788,38.868450,18.330503,3.551974,-31.49
119,47,698,39.905922,7.046866,9.974547,-65.17
120,102,698,39.910063,7.682273,8.274981,-73.23
121,157,698,39.910063,8.317726,6.808415,-88.38
122,212,698,39.905922,8.953133,4.604969,-69.16
123,267,699,39.897641,9.588402,3.739774,-59.28
124,321,700,39.885223,10.223442,4.464630,-66.77
125,376,701,39.868669,10.858161,3.046561,-56.55
126,431,703,39.847985,11.492469,3.671743,-69.08
127,486,705,39.823176,12.126275,1.864467,-41.02
128,540,708,39.794247,12.759488,1.815379,19.94
129,595,711,39.761207,13.392019,3.078736,52.29
130,649,714,39.724063,14.023777,3.904291,51.78
131,704,717,39.682824,14.654676,6.384142,64.69
132,758,721,39.637502,15.284627,6.080250,58.17
133,812,725,39.588107,15.913542,4.629360,50.90
134,867,730,39.534651,16.541337,3.435180,16.86
135,921,735,39.477148,17.167925,2.579469,-1.48
136,975,740,39.415612,17.793222,1.777134,-12.67
137,1029,746,39.350057,18.417146,2.672866,-46.43
138,46,656,40.393632,7.038700,8.751307,-70.42
139,102,656,40.397814,7.679551,6.867468,-85.54
140,157,656,40.397814,8.320448,6.255146,-104.11
141,212,656,40.393632,8.961299,4.934387,-81.71
142,268,657,40.385269,9.602008,3.582981,-53.81
143,323,658,40.372727,10.242483,4.290892,-45.61
144,378,659,40.356009,10.882628,3.228261,-46.45
145,433,661,40.335120,11.522352,4.330760,-39.77
146,489,663,40.310065,12.161560,3.287478,-8.94
147,544,666,40.280850,12.800160,3.842796,41.16
148,599,669,40.247482,13.438060,3.221942,54.53
149,654,672,40.209970,14.075169,3.190624,44.77
150,709,675,40.168324,14.711395,7.554047,68.38
151,764,679,40.122554,15.346649,6.299668,63.22
152,818,684,40.072671,15.980841,4.395619,68.50
153,873,688,40.018688,16.613884,1.959713,41.78
154,927,693,39.960618,17.245689,1.218689,27.64
155,982,699,39.898477,17.876171,1.902488,8.14
156,46,614,40.881986,7.030393,7.083536,-87.22
157,102,613,40.886209,7.676781,7.089212,-105.03
158,157,613,40.886209,8.323218,6.768075,-102.08
159,213,614,40.881986,8.969606,4.825807,-82.83
160,269,615,40.873539,9.615850,5.015674,-60.32
161,325,616,40.860873,10.261853,4.548387,-63.25
162,380,617,40.843989,10.907518,4.493462,-41.42
163,436,619,40.822892,11.552749,3.541920,-25.65
164,492,621,40.797588,12.197453,2.018784,16.26
165,547,624,40.768083,12.841532,2.495718,51.43
166,603,627,40.734384,13.484893,4.600018,55.29
167,658,630,40.696501,14.127442,4.257719,57.20
168,714,633,40.654442,14.769086,4.695871,57.09
169,769,637,40.608219,15.409732,5.584696,65.92
170,824,642,40.557843,16.049290,3.859490,85.51
171,879,646,40.503328,16.687668,2.093913,54.06
172,934,652,40.444685,17.324777,1.869530,33.66
173,989,657,40.381932,17.960528,2.353815,-7.53
174,45,572,41.370953,7.021940,5.815339,-79.44
175,101,571,41.375219,7.673963,6.148060,-98.53
176,158,571,41.375219,8.326036,5.760918,-92.15
177,214,572,41.370953,8.978059,5.691840,-76.82
178,270,572,41.362423,9.629933,4.636320,-75.68
179,326,573,41.349630,10.281560,4.200515,-77.60
180,383,575,41.332578,10.932840,3.812493,-63.64
181,439,577,41.311272,11.583676,1.501058,-17.18
182,495,579,41.285716,12.233969,1.237078,45.02
183,551,582,41.255918,12.883622,2.970705,106.22
184,607,584,41.221885,13.532538,4.276274,66.28
185,663,588,41.183626,14.180621,4.332084,90.33
186,719,591,41.141150,14.827775,4.399002,79.08
187,775,595,41.094469,15.473905,4.850640,98.06
188,830,600,41.043595,16.118918,3.380860,99.25
189,886,605,40.988540,16.762721,2.046297,52.12
190,941,610,40.929319,17.405222,2.273905,16.16
191,997,615,40.865946,18.046331,3.626146,-23.37
192,44,529,41.860505,7.013339,5.110878,-56.82
193,101,529,41.864814,7.671096,5.536235,-74.69
194,158,529,41.864814,8.328903,5.474793,-89.56
195,215,529,41.860505,8.986660,3.941067,-88.98
196,271,530,41.851890,9.644264,5.920238,-80.43
197,328,531,41.838970,10.301613,4.291107,-90.33
198,385,533,41.821748,10.958608,1.198649,-116.23
199,441,535,41.800229,11.615145,1.388302,-71.61
200,498,537,41.774419,12.271126,3.045498,86.88
201,555,539,41.744325,12.926450,9.250830,106.60
202,611,542,41.709953,13.581017,4.481931,127.01
203,668,546,41.671314,14.234729,4.739035,120.02
204,724,549,41.628417,14.887487,5.210354,123.48
205,780,553,41.581273,15.539195,4.607771,119.19
206,836,558,41.529895,16.189756,2.966870,93.92
207,892,563,41.474295,16.839076,1.534267,62.37
208,948,568,41.414489,17.487060,3.165550,-25.14
209,1004,573,41.350490,18.133615,3.608877,-38.49
210,44,487,42.350612,7.004586,4.559747,-68.76
211,101,487,42.354963,7.668177,5.088923,-69.75
212,158,487,42.354963,8.331821,3.371140,-94.14
213,215,487,42.350612,8.995413,3.725790,-75.34
214,273,488,42.341910,9.658848,4.602825,-82.14
215,330,489,42.328861,10.322022,2.523004,-141.02
216,387,490,42.311468,10.984832,3.519401,-147.15
217,444,492,42.289734,11.647172,2.376028,132.11
218,501,495,42.263667,12.308940,6.660905,145.14
219,558,497,42.233272,12.970034,6.855359,129.36
220,615,500,42.198559,13.630351,7.345474,135.75
221,672,504,42.159535,14.289790,6.163419,131.89
222,729,507,42.116212,14.948250,4.803185,122.22
223,786,511,42.068600,15.605632,3.180596,93.16
224,843,516,42.016712,16.261837,1.365088,32.84
225,899,521,41.960561,16.916767,2.917148,-32.64
226,955,526,41.900163,17.570326,4.039416,-40.24
227,1012,531,41.835532,18.222419,4.659886,-33.45
228,43,445,42.841242,6.995675,3.629782,-72.92
229,101,444,42.845637,7.665207,3.900375,-66.05
230,158,444,42.845637,8.334792,3.421702,-73.53
231,216,445,42.841242,9.004324,3.793411,-73.90
232,274,445,42.832453,9.673694,3.447675,-99.30
233,332,447,42.819274,10.342797,1.481671,-158.18
234,389,448,42.801707,11.011524,2.759412,-153.99
235,447,450,42.779756,11.679771,3.806258,145.80
236,505,452,42.753429,12.347429,6.216969,128.02
237,562,455,42.722731,13.014395,7.937777,123.68
238,620,458,42.687671,13.680564,6.710980,127.83
239,677,461,42.648259,14.345830,5.445752,121.53
240,734,465,42.604504,15.010092,3.346785,103.39
241,792,469,42.556419,15.673246,2.116124,60.61
242,849,474,42.504015,16.335192,3.240780,-20.15
243,906,479,42.447308,16.995829,4.208181,-34.89
244,963,484,42.386311,17.655059,5.063224,-33.36
245,1020,490,42.321041,18.312784,5.392110,-32.60
246,42,402,43.332365,6.986604,2.954091,-55.04
247,100,402,43.336804,7.662183,4.019838,-50.60
248,159,402,43.336804,8.337816,3.897760,-62.46
249,217,402,43.332365,9.013395,2.666795,-114.09
250,275,403,43.323489,9.688808,2.061346,-115.82
251,333,404,43.310177,10.363946,0.325707,-64.90
252,392,406,43.292434,11.038698,1.937305,149.06
253,450,408,43.270264,11.712957,3.833353,144.85
254,508,410,43.243673,12.386611,4.954384,124.90
255,566,413,43.212669,13.059554,4.059033,110.82
256,624,416,43.177259,13.731678,4.038650,108.88
257,682,419,43.137453,14.402875,2.812114,68.92
258,740,423,43.093262,15.073041,3.546721,30.06
259,798,427,43.044698,15.742069,3.956985,-9.58
260,855,432,42.991774,16.409856,4.846494,-13.80
261,913,437,42.934503,17.076299,6.259703,-17.37
262,970,442,42.872901,17.741297,6.418131,-25.97
263,1027,448,42.806984,18.404750,6.762473,-24.81
264,41,360,43.823949,6.977368,3.214680,-17.27
265,100,359,43.828433,7.659103,3.522674,-41.62
266,159,359,43.828433,8.340896,0.748655,-43.02
267,218,360,43.823949,9.022631,1.415147,-121.24
268,277,361,43.814984,9.704197,1.407261,-112.11
269,335,362,43.801539,10.385480,1.230625,114.80
270,394,363,43.783618,11.066367,1.595116,84.54
271,453,365,43.761226,11.746746,2.220038,81.11
272,512,368,43.734369,12.426505,2.899789,69.59
273,570,370,43.703054,13.105533,2.397107,61.79
274,629,373,43.667290,13.783719,3.301017,33.38
275,687,377,43.627087,14.460953,4.183051,21.13
276,745,381,43.582455,15.137127,4.423400,6.82
277,804,385,43.533406,15.812133,5.962421,4.15
278,862,390,43.479955,16.485864,6.267071,-8.88
279,920,395,43.422114,17.158215,6.797114,-17.98
280,978,400,43.359900,17.829081,6.152343,-19.94
281,1036,406,43.293329,18.498361,5.710783,-21.70
282,40,317,44.315964,6.967961,2.906766,-0.25
283,100,317,44.320492,7.655967,3.541134,-26.13
284,159,317,44.320492,8.344032,3.280937,38.58
285,219,317,44.315964,9.032038,0.908161,-38.43
286,278,318,44.306908,9.719869,1.389670,21.00
287,337,319,44.293328,10.407410,1.709444,38.47
288,397,321,44.275227,11.094544,1.440165,38.10
289,456,323,44.252610,11.781156,1.663960,19.36
290,515,325,44.225484,12.467130,3.741967,26.25
291,574,328,44.193855,13.152353,3.639140,27.30
292,633,331,44.157733,13.836711,4.129532,10.15
293,692,335,44.117127,14.520091,4.860569,11.66
294,751,338,44.072049,15.202381,5.102468,9.42
295,810,343,44.022511,15.883472,4.925828,1.42
296,869,347,43.968525,16.563252,4.507213,-2.89
297,927,352,43.910108,17.241614,4.617421,-17.97
298,986,358,43.847275,17.918452,4.436861,-24.92
299,40,275,44.808376,6.958380,5.472519,-6.06
300,99,275,44.812950,7.652773,4.498523,3.96
301,159,275,44.812950,8.347226,4.161944,14.04
302,219,275,44.808376,9.041619,4.496751,9.65
303,279,276,44.799229,9.735832,2.359270,52.98
304,339,277,44.785512,10.429747,2.688766,57.77
305,399,278,44.767229,11.123243,3.299626,30.66
306,459,280,44.744385,11.816203,3.869329,7.80
307,519,283,44.716986,12.508507,4.713530,19.86
308,578,286,44.685040,13.200039,5.909096,11.83
309,638,289,44.648555,13.890682,5.568124,7.22
310,697,292,44.607542,14.580319,4.307902,18.78
311,757,296,44.562012,15.268837,3.222984,19.27
312,816,300,44.511978,15.956120,2.484775,-1.53
313,875,305,44.457454,16.642058,1.925058,-21.70
314,934,310,44.398453,17.326539,1.852120,-29.57
315,993,316,44.334994,18.009453,2.014584,-59.42
316,39,232,45.301153,6.948619,4.463189,18.64
317,99,232,45.305773,7.649519,4.791346,13.16
318,160,232,45.305773,8.350480,4.589640,24.97
319,220,232,45.301153,9.051380,3.866782,35.05
320,281,233,45.291914,9.752095,2.665216,40.27
321,341,234,45.278059,10.452502,2.855748,45.37
322,402,236,45.259591,11.152480,2.885187,25.42
323,462,238,45.236517,11.851905,3.080262,39.96
324,522,240,45.208842,12.550657,3.517721,43.51
325,582,243,45.176574,13.248614,3.943782,28.10
326,643,246,45.139723,13.945657,4.136385,19.39
327,703,250,45.098298,14.641667,3.924585,18.39
328,763,254,45.052311,15.336525,2.883454,11.59
329,823,258,45.001776,16.030115,1.265708,89.27
330,882,263,44.946705,16.722322,1.210581,171.65
331,942,268,44.887115,17.413031,1.370428,-157.50
332,1001,274,44.823022,18.102129,2.353483,-141.90
333,38,190,45.794262,6.938674,5.390164,26.39
334,99,189,45.798929,7.646203,4.048382,6.30
335,160,189,45.798929,8.353796,5.880692,34.10
336,221,190,45.794262,9.061325,4.964056,43.94
337,282,191,45.784930,9.768664,3.559007,40.28
338,343,192,45.770934,10.475687,3.131239,34.56
339,404,193,45.752281,11.182268,3.196414,30.90
340,465,195,45.728973,11.888281,4.054074,37.41
341,526,198,45.701019,12.593601,3.388547,22.16
342,587,201,45.668426,13.298104,3.223853,22.06
343,647,204,45.631204,14.001667,2.016692,29.15
344,708,208,45.589362,14.704167,2.825286,90.51
345,769,212,45.542913,15.405482,3.421513,137.12
346,829,216,45.491870,16.105494,2.609524,155.29
347,889,221,45.436247,16.804084,1.886371,175.07
348,949,226,45.376060,17.501133,2.083953,-154.40
349,1010,232,45.311326,18.196527,3.041922,-138.79
350,37,147,46.287670,6.928539,8.796401,30.62
351,99,147,46.292384,7.642824,8.126695,31.88
352,160,147,46.292384,8.357175,4.670203,32.41
353,222,147,46.287670,9.071460,5.169322,33.49
354,284,148,46.278243,9.785550,3.643141,39.16
355,345,149,46.264106,10.499315,6.024434,22.18
356,407,151,46.245263,11.212625,4.937243,47.61
357,468,153,46.221720,11.925350,4.108099,50.63
358,530,155,46.193484,12.637363,4.196114,45.39
359,591,158,46.160561,13.348535,1.934017,76.91
360,652,161,46.122963,14.058739,2.902773,120.43
361,714,165,46.080699,14.767850,4.471220,134.26
362,775,169,46.033783,15.475744,3.766578,144.13
363,836,174,45.982226,16.182296,2.628205,174.41
364,897,178,45.926044,16.887385,1.594893,-157.19
365,957,184,45.865253,17.590891,2.028700,-135.89
366,1018,189,45.799870,18.292694,3.250443,-122.44
367,36,105,46.781342,6.918208,11.239703,30.10
368,98,104,46.786104,7.639380,11.584506,41.01
369,161,104,46.786104,8.360619,6.629082,44.44
370,223,105,46.781342,9.081791,5.041110,51.70
371,285,105,46.771820,9.802762,4.398882,46.97
372,347,107,46.757540,10.523398,4.224241,40.04
373,409,108,46.738506,11.243565,5.082257,37.90
374,472,110,46.714724,11.963132,4.126357,57.61
375,534,113,46.686201,12.681965,4.525221,71.52
376,596,116,46.652946,13.399932,4.439637,89.45
377,657,119,46.614967,14.116905,4.474451,128.86
378,719,123,46.572277,14.832752,3.974671,133.01
379,781,127,46.524886,15.547347,2.668797,152.02
380,842,131,46.472810,16.260561,2.579804,176.40
381,904,136,46.416062,16.972271,1.926443,-146.53
382,965,141,46.354660,17.682351,2.739237,-118.50
383,1026,147,46.288621,18.390681,3.500502,-105.33
384,35,62,47.275246,6.907676,11.785708,30.45
385,98,62,47.280056,7.635869,13.206856,40.53
386,161,62,47.280056,8.364130,10.946296,36.77
387,224,62,47.275246,9.092323,8.253843,37.21
388,287,63,47.265626,9.820308,6.132454,32.07
389,349,64,47.251201,10.547949,5.198463,37.09
390,412,66,47.231974,11.275108,4.206909,24.77
391,475,68,47.207951,12.001647,4.562038,47.01
392,537,70,47.179138,12.727432,3.530887,65.08
393,600,73,47.145545,13.452326,5.088486,91.82
394,663,77,47.107182,14.176196,4.792348,108.38
395,725,80,47.064059,14.898907,3.504250,125.12
396,787,84,47.016189,15.620330,2.388308,154.29
397,849,89,46.963586,16.340332,1.993329,176.12
398,911,94,46.906266,17.058785,2.228932,-142.04
399,973,99,46.844245,17.775563,3.276718,-111.96
400,1035,105,46.777541,18.490539,3.935138,-102.17
401,34,19,47.769345,6.896937,11.959777,33.30
402,98,19,47.774205,7.632288,11.973344,34.10
403,161,19,47.774205,8.367711,11.793258,36.63
404,225,19,47.769345,9.103062,8.836662,34.50
405,288,20,47.759628,9.838200,8.446938,17.72
406,352,21,47.745056,10.572983,8.460277,34.04
407,415,23,47.725632,11.307269,5.990448,23.43
408,478,25,47.701364,12.040918,5.872950,34.46
409,541,28,47.672259,12.773790,6.212114,65.75
410,605,31,47.638324,13.505744,6.204042,80.62
411,668,34,47.599571,14.236644,5.001460,95.61
412,731,38,47.556010,14.966352,3.016307,116.84
413,794,42,47.507655,15.694733,1.905041,126.36
414,856,47,47.454520,16.421652,1.132989,-157.71
415,919,52,47.396620,17.146976,2.160027,-122.81
416,981,57,47.333973,17.870576,2.844105,-108.11
417,800,0,47.999249,15.770598,1.491312,106.92
418,863,4,47.945575,16.504566,0.657656,-158.48
419,927,9,47.887088,17.236892,1.990462,-89.17
420,990,15,47.823807,17.967443,2.570053,-75.51
