vector_id,pixel_x,pixel_y,latitude,longitude,magnitude,alpha_deg
0,0,992,36.504607,6.500736,10.845761,-71.13
1,52,991,36.512337,7.100364,13.418513,-68.73
2,104,991,36.516202,7.700108,14.361302,-69.16
3,155,991,36.516202,8.299891,15.004087,-63.04
4,207,991,36.512337,8.899635,13.123791,-64.71
5,259,992,36.504607,9.499263,12.530658,-67.21
6,51,949,36.994759,7.093092,13.918215,-69.77
7,103,949,36.998662,7.697684,13.847233,-64.22
8,156,949,36.998662,8.302315,12.306021,-61.76
9,208,949,36.994759,8.906907,11.904140,-61.68
10,260,950,36.986953,9.511380,12.101944,-70.67
11,312,951,36.975246,10.115655,12.874827,-68.30
12,364,952,36.959642,10.719655,5.279339,-70.69
13,416,954,36.940143,11.323300,6.292018,-50.77
14,468,956,36.916755,11.926512,4.656861,-6.73
15,520,958,36.889483,12.529213,6.334285,48.70
16,572,961,36.858333,13.131326,9.432266,33.49
17,624,964,36.823313,13.732773,9.686026,41.45
18,676,967,36.784431,14.333479,9.180320,34.45
19,728,971,36.741697,14.933367,8.845716,54.29
20,780,975,36.695120,15.532361,7.541103,64.33
21,831,980,36.644711,16.130388,4.536271,82.20
22,883,984,36.590482,16.727372,3.717181,45.46
23,934,989,36.532447,17.323242,2.662357,11.68
24,51,908,37.478018,7.085702,12.645813,-64.70
25,103,907,37.481960,7.695220,12.545861,-63.25
26,156,907,37.481960,8.304779,10.152222,-63.75
27,208,908,37.478018,8.914297,9.567767,-65.34
28,261,908,37.470135,9.523694,9.676427,-69.59
29,314,909,37.458313,10.132888,10.758024,-77.52
30,366,911,37.442554,10.741800,6.830063,-71.18
31,419,912,37.422863,11.350348,5.246399,-50.17
32,471,914,37.399244,11.958453,2.527250,-1.70
33,524,917,37.371703,12.566034,4.221381,30.70
34,576,919,37.340247,13.173013,6.817073,50.73
35,628,923,37.304882,13.779310,10.518960,44.70
36,681,926,37.265618,14.384847,8.137533,44.46
37,733,930,37.222464,14.989545,7.734886,62.24
38,785,934,37.175430,15.593329,8.000400,56.56
39,837,938,37.124526,16.196122,4.099222,94.92
40,889,943,37.069766,16.797847,4.702803,49.76
41,941,948,37.011162,17.398431,2.305763,18.22
42,992,953,36.948729,17.997799,2.415305,9.99
43,50,866,37.962086,7.078190,12.730499,-66.07
44,103,865,37.966067,7.692716,11.594275,-61.77
45,156,865,37.966067,8.307283,10.153897,-59.71
46,209,866,37.962087,8.921809,8.742084,-63.02
47,262,866,37.954126,9.536210,7.679957,-73.95
48,315,868,37.942187,10.150404,8.675502,-81.27
49,368,869,37.926273,10.764308,6.873432,-79.88
50,421,871,37.906387,11.377840,1.242068,-44.53
51,474,873,37.882536,11.990917,0.268490,-155.53
52,527,875,37.854723,12.603458,1.292963,15.02
53,580,878,37.822957,13.215381,10.049899,71.76
54,632,881,37.787244,13.826606,6.411919,57.54
55,685,884,37.747593,14.437052,8.248753,64.93
56,738,888,37.704015,15.046639,7.648353,68.13
57,790,892,37.656518,15.655289,5.362029,62.86
58,843,897,37.605115,16.262924,5.172870,65.61
59,895,901,37.549818,16.869465,4.509262,55.10
60,947,906,37.490640,17.474836,2.393645,30.83
61,999,912,37.427595,18.078962,3.039862,21.82
62,49,824,38.446939,7.070554,11.546031,-67.26
63,103,824,38.450959,7.690170,11.672352,-59.63
64,156,824,38.450959,8.309829,11.315474,-57.92
65,210,824,38.446939,8.929445,7.523203,-56.48
66,263,825,38.438899,9.548934,4.846383,-68.20
67,317,826,38.426842,10.168210,6.419475,-86.17
68,370,827,38.410771,10.787189,5.991230,-100.10
69,423,829,38.390689,11.405787,2.518219,-118.09
70,477,831,38.366602,12.023918,0.377220,-60.41
71,530,833,38.338515,12.641500,2.517043,64.08
72,583,836,38.306435,13.258449,4.015845,80.78
73,637,839,38.270370,13.874681,6.250347,45.65
74,690,843,38.230329,14.490116,8.934282,83.80
75,743,846,38.186321,15.104671,7.342320,80.53
76,796,851,38.138358,15.718265,5.711955,69.49
77,848,855,38.086450,16.330818,4.894819,70.10
78,901,860,38.030610,16.942252,3.304265,53.31
79,954,865,37.970852,17.552486,2.736834,33.95
80,1006,871,37.907190,18.161445,3.068368,25.55
81,49,782,38.932547,7.062790,10.982740,-66.79
82,102,782,38.936607,7.687582,11.322544,-65.75
83,156,782,38.936607,8.312417,8.590010,-51.58
84,210,782,38.932547,8.937209,5.740453,-38.32
85,264,783,38.924428,9.561870,3.102193,-59.28
86,318,784,38.912252,10.186313,4.071485,-70.95
87,372,785,38.896022,10.810452,3.991683,-96.03
88,426,787,38.875741,11.434199,2.560532,-117.59
89,480,789,38.851416,12.057469,1.457185,-51.26
90,533,791,38.823051,12.680175,1.219147,7.83
91,587,794,38.790655,13.302232,2.011289,58.18
92,641,797,38.754234,13.923555,4.916729,103.96
93,694,801,38.713798,14.544060,7.896633,85.23
94,748,805,38.669357,15.163663,8.386248,82.55
95,801,809,38.620921,15.782282,5.986444,83.96
96,854,813,38.568503,16.399834,3.385193,77.19
97,908,818,38.512115,17.016237,3.166383,63.83
98,961,824,38.451770,17.631413,2.840875,40.42
99,1014,829,38.387484,18.245281,3.021443,22.96
100,48,740,39.418884,7.054895,10.549256,-70.19
101,102,740,39.422985,7.684950,10.648282,-67.04
102,157,740,39.422985,8.315049,7.122213,-55.91
103,211,740,39.418884,8.945104,3.710294,-58.08
104,265,741,39.410685,9.575024,2.610624,-57.31
105,320,742,39.398388,10.204721,2.771315,-70.19
106,374,743,39.381997,10.834106,3.091612,-50.62
107,428,745,39.361516,11.463089,1.736971,-104.90
108,483,747,39.336950,12.091583,1.127115,-111.09
109,537,750,39.308305,12.719499,1.093655,138.77
110,591,752,39.275588,13.346749,2.017211,114.06
111,645,756,39.238808,13.973247,4.736496,108.40
112,699,759,39.197973,14.598906,6.039702,82.60
113,753,763,39.153093,15.223640,7.348676,84.56
114,807,767,39.104181,15.847365,6.604852,72.61
115,861,772,39.051246,16.469997,5.081689,56.08
116,914,777,38.994304,17.091452,3.414528,38.09
117,968,782,38.933366,17.711647,3.197343,28.56
118,1021,788,38.868450,18.330503,2.660009,11.44
119,47,698,39.905922,7.046866,9.047206,-68.93
120,102,698,39.910063,7.682273,7.832712,-69.94
121,157,698,39.910063,8.317726,5.427664,-57.16
122,212,698,39.905922,8.953133,3.503932,-70.06
123,267,699,39.897641,9.588402,3.638177,-49.74
124,321,700,39.885223,10.223442,3.294212,-57.43
125,376,701,39.868669,10.858161,2.983634,-40.05
126,431,703,39.847985,11.492469,1.943426,-17.42
127,486,705,39.823176,12.126275,1.131376,20.42
128,540,708,39.794247,12.759488,2.060181,87.83
129,595,711,39.761207,13.392019,3.595703,109.72
130,649,714,39.724063,14.023777,3.580989,92.61
131,704,717,39.682824,14.654676,5.935499,97.84
132,758,721,39.637502,15.284627,6.021445,78.69
133,812,725,39.588107,15.913542,5.421842,73.75
134,867,730,39.534651,16.541337,4.302261,63.28
135,921,735,39.477148,17.167925,3.393345,31.18
136,975,740,39.415612,17.793222,2.498260,34.64
137,1029,746,39.350057,18.417146,1.597229,51.56
138,46,656,40.393632,7.038700,6.848436,-63.92
139,102,656,40.397814,7.679551,5.566408,-62.69
140,157,656,40.397814,8.320448,5.290081,-59.80
141,212,656,40.393632,8.961299,4.904796,-83.57
142,268,657,40.385269,9.602008,3.930295,-72.10
143,323,658,40.372727,10.242483,3.467765,-50.27
144,378,659,40.356009,10.882628,2.654573,-28.86
145,433,661,40.335120,11.522352,2.451287,-3.74
146,489,663,40.310065,12.161560,2.157863,41.15
147,544,666,40.280850,12.800160,3.511936,73.11
148,599,669,40.247482,13.438060,4.283341,83.18
149,654,672,40.209970,14.075169,3.890772,90.23
150,709,675,40.168324,14.711395,6.001633,75.88
151,764,679,40.122554,15.346649,5.080591,68.76
152,818,684,40.072671,15.980841,5.788310,68.19
153,873,688,40.018688,16.613884,4.522523,59.67
154,927,693,39.960618,17.245689,3.313669,53.43
155,982,699,39.898477,17.876171,1.927832,67.52
156,46,614,40.881986,7.030393,5.568889,-65.79
157,102,613,40.886209,7.676781,5.296322,-59.17
158,157,613,40.886209,8.323218,4.541509,-62.52
159,213,614,40.881986,8.969606,3.143775,-73.64
160,269,615,40.873539,9.615850,3.936926,-58.76
161,325,616,40.860873,10.261853,3.027611,-65.36
162,380,617,40.843989,10.907518,2.001977,-28.49
163,436,619,40.822892,11.552749,1.833412,21.50
164,492,621,40.797588,12.197453,3.077881,64.14
165,547,624,40.768083,12.841532,4.902742,74.43
166,603,627,40.734384,13.484893,4.420155,82.86
167,658,630,40.696501,14.127442,3.668707,93.41
168,714,633,40.654442,14.769086,4.975383,63.02
169,769,637,40.608219,15.409732,4.518414,65.02
170,824,642,40.557843,16.049290,5.375541,54.89
171,879,646,40.503328,16.687668,5.146654,55.48
172,934,652,40.444685,17.324777,1.405502,48.81
173,989,657,40.381932,17.960528,2.708144,15.69
174,45,572,41.370953,7.021940,6.016118,-67.27
175,101,571,41.375219,7.673963,3.910099,-54.26
176,158,571,41.375219,8.326036,4.489242,-51.71
177,214,572,41.370953,8.978059,1.165191,-72.65
178,270,572,41.362423,9.629933,3.270321,-77.94
179,326,573,41.349630,10.281560,2.843213,-61.51
180,383,575,41.332578,10.932840,1.374676,-46.90
181,439,577,41.311272,11.583676,1.692952,120.67
182,495,579,41.285716,12.233969,3.629522,102.67
183,551,582,41.255918,12.883622,5.662420,93.56
184,607,584,41.221885,13.532538,5.645144,83.05
185,663,588,41.183626,14.180621,3.426198,77.79
186,719,591,41.141150,14.827775,2.749247,83.87
187,775,595,41.094469,15.473905,4.625895,62.30
188,830,600,41.043595,16.118918,3.755499,77.20
189,886,605,40.988540,16.762721,1.903076,87.65
190,941,610,40.929319,17.405222,1.226239,76.14
191,997,615,40.865946,18.046331,1.418248,6.21
192,44,529,41.860505,7.013339,4.806277,-69.04
193,101,529,41.864814,7.671096,3.434499,-45.23
194,158,529,41.864814,8.328903,2.884379,-66.42
195,215,529,41.860505,8.986660,2.594505,-63.90
196,271,530,41.851890,9.644264,3.712797,-81.08
197,328,531,41.838970,10.301613,1.318038,-127.91
198,385,533,41.821748,10.958608,1.359643,157.17
199,441,535,41.800229,11.615145,2.542082,91.57
200,498,537,41.774419,12.271126,4.860407,82.56
201,555,539,41.744325,12.926450,6.459569,89.31
202,611,542,41.709953,13.581017,5.821937,88.70
203,668,546,41.671314,14.234729,5.281725,95.87
204,724,549,41.628417,14.887487,3.939982,104.27
205,780,553,41.581273,15.539195,4.294158,114.25
206,836,558,41.529895,16.189756,2.424115,114.65
207,892,563,41.474295,16.839076,2.098202,104.18
208,948,568,41.414489,17.487060,0.883789,26.52
209,1004,573,41.350490,18.133615,1.779052,8.50
210,44,487,42.350612,7.004586,3.968376,-56.74
211,101,487,42.354963,7.668177,3.798248,-42.60
212,158,487,42.354963,8.331821,2.171815,-60.78
213,215,487,42.350612,8.995413,2.869501,-32.04
214,273,488,42.341910,9.658848,1.381592,-70.78
215,330,489,42.328861,10.322022,1.043422,143.26
216,387,490,42.311468,10.984832,2.326246,-169.77
217,444,492,42.289734,11.647172,1.361719,86.72
218,501,495,42.263667,12.308940,5.858394,95.43
219,558,497,42.233272,12.970034,5.738063,88.28
220,615,500,42.198559,13.630351,5.448722,88.33
221,672,504,42.159535,14.289790,5.137029,98.16
222,729,507,42.116212,14.948250,4.959858,114.38
223,786,511,42.068600,15.605632,3.470967,110.46
224,843,516,42.016712,16.261837,2.763600,93.67
225,899,521,41.960561,16.916767,1.616835,43.76
226,955,526,41.900163,17.570326,1.708721,-3.34
227,1012,531,41.835532,18.222419,1.712147,-16.87
228,43,445,42.841242,6.995675,4.815150,-33.12
229,101,444,42.845637,7.665207,4.175246,-28.88
230,158,444,42.845637,8.334792,3.908349,-31.46
231,216,445,42.841242,9.004324,2.902060,-27.80
232,274,445,42.832453,9.673694,0.920332,-12.31
233,332,447,42.819274,10.342797,2.155802,91.12
234,389,448,42.801707,11.011524,2.019360,139.49
235,447,450,42.779756,11.679771,4.170199,127.14
236,505,452,42.753429,12.347429,6.554813,94.85
237,562,455,42.722731,13.014395,4.751012,92.30
238,620,458,42.687671,13.680564,6.134551,95.18
239,677,461,42.648259,14.345830,5.771027,105.30
240,734,465,42.604504,15.010092,3.213821,99.68
241,792,469,42.556419,15.673246,2.081873,96.01
242,849,474,42.504015,16.335192,1.839521,25.10
243,906,479,42.447308,16.995829,1.907946,-18.13
244,963,484,42.386311,17.655059,2.401981,-27.90
245,1020,490,42.321041,18.312784,3.087568,-21.35
246,42,402,43.332365,6.986604,6.540878,-15.42
247,100,402,43.336804,7.662183,4.777193,-7.87
248,159,402,43.336804,8.337816,4.282730,-18.59
249,217,402,43.332365,9.013395,2.497247,11.62
250,275,403,43.323489,9.688808,2.128645,51.81
251,333,404,43.310177,10.363946,3.229350,71.34
252,392,406,43.292434,11.038698,3.454636,135.80
253,450,408,43.270264,11.712957,5.392175,99.79
254,508,410,43.243673,12.386611,6.591855,96.00
255,566,413,43.212669,13.059554,4.982380,99.35
256,624,416,43.177259,13.731678,4.856810,98.15
257,682,419,43.137453,14.402875,3.713665,80.45
258,740,423,43.093262,15.073041,2.449443,60.46
259,798,427,43.044698,15.742069,3.141691,24.91
260,855,432,42.991774,16.409856,3.207410,-4.15
261,913,437,42.934503,17.076299,2.953263,-19.61
262,970,442,42.872901,17.741297,4.217042,-25.98
263,1027,448,42.806984,18.404750,4.184024,-14.72
264,41,360,43.823949,6.977368,6.445789,-2.39
265,100,359,43.828433,7.659103,6.552869,7.69
266,159,359,43.828433,8.340896,5.468501,6.68
267,218,360,43.823949,9.022631,4.047709,39.32
268,277,361,43.814984,9.704197,2.933114,49.77
269,335,362,43.801539,10.385480,4.698120,62.21
270,394,363,43.783618,11.066367,5.637276,93.45
271,453,365,43.761226,11.746746,5.210363,94.61
272,512,368,43.734369,12.426505,5.865300,86.87
273,570,370,43.703054,13.105533,4.508279,77.28
274,629,373,43.667290,13.783719,4.805021,52.63
275,687,377,43.627087,14.460953,4.726378,21.99
276,745,381,43.582455,15.137127,5.339241,1.40
277,804,385,43.533406,15.812133,4.776754,-2.49
278,862,390,43.479955,16.485864,4.816435,-8.82
279,920,395,43.422114,17.158215,4.893515,-9.53
280,978,400,43.359900,17.829081,4.384954,-6.67
281,1036,406,43.293329,18.498361,4.071322,-7.87
282,40,317,44.315964,6.967961,7.406965,4.74
283,100,317,44.320492,7.655967,6.082654,5.89
284,159,317,44.320492,8.344032,6.540990,5.79
285,219,317,44.315964,9.032038,6.787273,35.11
286,278,318,44.306908,9.719869,4.877397,28.77
287,337,319,44.293328,10.407410,4.622713,41.64
288,397,321,44.275227,11.094544,5.243921,66.12
289,456,323,44.252610,11.781156,5.870151,61.71
290,515,325,44.225484,12.467130,6.646258,50.72
291,574,328,44.193855,13.152353,6.640213,38.22
292,633,331,44.157733,13.836711,6.258872,28.00
293,692,335,44.117127,14.520091,5.130893,13.55
294,751,338,44.072049,15.202381,6.455692,1.36
295,810,343,44.022511,15.883472,6.544751,3.14
296,869,347,43.968525,16.563252,5.610754,2.31
297,927,352,43.910108,17.241614,4.052296,3.03
298,986,358,43.847275,17.918452,3.967718,1.88
299,40,275,44.808376,6.958380,8.025215,-7.27
300,99,275,44.812950,7.652773,6.723647,13.14
301,159,275,44.812950,8.347226,7.819191,11.90
302,219,275,44.808376,9.041619,7.831729,16.99
303,279,276,44.799229,9.735832,7.701652,21.76
304,339,277,44.785512,10.429747,6.769196,26.64
305,399,278,44.767229,11.123243,7.033947,39.96
306,459,280,44.744385,11.816203,7.115310,41.07
307,519,283,44.716986,12.508507,7.271712,35.56
308,578,286,44.685040,13.200039,7.951424,26.55
309,638,289,44.648555,13.890682,7.130289,24.12
310,697,292,44.607542,14.580319,6.440621,6.43
311,757,296,44.562012,15.268837,6.285271,5.92
312,816,300,44.511978,15.956120,5.289037,23.05
313,875,305,44.457454,16.642058,4.617663,22.21
314,934,310,44.398453,17.326539,3.318573,26.48
315,993,316,44.334994,18.009453,2.216845,33.23
316,39,232,45.301153,6.948619,7.450966,9.19
317,99,232,45.305773,7.649519,6.575338,13.77
318,160,232,45.305773,8.350480,8.524499,17.68
319,220,232,45.301153,9.051380,9.212556,16.16
320,281,233,45.291914,9.752095,8.938139,18.87
321,341,234,45.278059,10.452502,8.067619,26.71
322,402,236,45.259591,11.152480,8.351316,34.64
323,462,238,45.236517,11.851905,9.129748,29.31
324,522,240,45.208842,12.550657,9.018124,15.89
325,582,243,45.176574,13.248614,8.281187,16.99
326,643,246,45.139723,13.945657,7.144708,13.34
327,703,250,45.098298,14.641667,6.515985,6.99
328,763,254,45.052311,15.336525,5.782380,28.21
329,823,258,45.001776,16.030115,5.519135,36.27
330,882,263,44.946705,16.722322,4.513240,47.00
331,942,268,44.887115,17.413031,2.916097,68.97
332,1001,274,44.823022,18.102129,2.084142,88.21
333,38,190,45.794262,6.938674,9.398520,9.66
334,99,189,45.798929,7.646203,6.680380,3.39
335,160,189,45.798929,8.353796,8.251620,23.21
336,221,190,45.794262,9.061325,9.442034,30.18
337,282,191,45.784930,9.768664,8.489856,23.50
338,343,192,45.770934,10.475687,8.906657,29.05
339,404,193,45.752281,11.182268,8.446335,33.81
340,465,195,45.728973,11.888281,8.765248,28.66
341,526,198,45.701019,12.593601,9.149264,27.78
342,587,201,45.668426,13.298104,8.942033,24.94
343,647,204,45.631204,14.001667,7.939482,18.48
344,708,208,45.589362,14.704167,7.724505,10.95
345,769,212,45.542913,15.405482,7.775906,37.96
346,829,216,45.491870,16.105494,6.905735,60.75
347,889,221,45.436247,16.804084,5.257293,78.81
348,949,226,45.376060,17.501133,3.374341,82.94
349,1010,232,45.311326,18.196527,2.239503,89.38
350,37,147,46.287670,6.928539,9.580563,21.69
351,99,147,46.292384,7.642824,12.217137,19.95
352,160,147,46.292384,8.357175,7.886407,18.24
353,222,147,46.287670,9.071460,6.821143,36.28
354,284,148,46.278243,9.785550,6.647277,41.55
355,345,149,46.264106,10.499315,10.699675,32.64
356,407,151,46.245263,11.212625,8.609898,34.13
357,468,153,46.221720,11.925350,8.337339,28.29
358,530,155,46.193484,12.637363,8.737197,25.39
359,591,158,46.160561,13.348535,9.292228,26.40
360,652,161,46.122963,14.058739,7.974506,19.22
361,714,165,46.080699,14.767850,5.742072,32.05
362,775,169,46.033783,15.475744,7.806717,76.16
363,836,174,45.982226,16.182296,7.788278,82.68
364,897,178,45.926044,16.887385,5.515373,84.98
365,957,184,45.865253,17.590891,2.897778,75.52
366,1018,189,45.799870,18.292694,2.669883,65.02
367,36,105,46.781342,6.918208,12.513433,33.83
368,98,104,46.786104,7.639380,14.719928,26.45
369,161,104,46.786104,8.360619,13.513457,27.91
370,223,105,46.781342,9.081791,7.913757,28.95
371,285,105,46.771820,9.802762,10.111433,51.32
372,347,107,46.757540,10.523398,7.762932,48.98
373,409,108,46.738506,11.243565,7.577198,44.79
374,472,110,46.714724,11.963132,7.637843,53.12
375,534,113,46.686201,12.681965,7.624598,27.06
376,596,116,46.652946,13.399932,7.089083,30.99
377,657,119,46.614967,14.116905,6.784463,49.01
378,719,123,46.572277,14.832752,6.773306,71.49
379,781,127,46.524886,15.547347,7.405847,82.29
380,842,131,46.472810,16.260561,7.872921,83.44
381,904,136,46.416062,16.972271,5.242674,88.70
382,965,141,46.354660,17.682351,3.735616,73.95
383,1026,147,46.288621,18.390681,2.534001,61.53
384,35,62,47.275246,6.907676,14.799659,35.49
385,98,62,47.280056,7.635869,15.671113,26.49
386,161,62,47.280056,8.364130,16.568607,24.40
387,224,62,47.275246,9.092323,15.599236,28.02
388,287,63,47.265626,9.820308,10.172140,44.35
389,349,64,47.251201,10.547949,9.145157,54.40
390,412,66,47.231974,11.275108,7.124816,38.98
391,475,68,47.207951,12.001647,6.036412,39.40
392,537,70,47.179138,12.727432,4.849222,13.33
393,600,73,47.145545,13.452326,5.041674,43.29
394,663,77,47.107182,14.176196,8.453542,68.36
395,725,80,47.064059,14.898907,7.624215,83.84
396,787,84,47.016189,15.620330,7.905004,85.62
397,849,89,46.963586,16.340332,7.387551,86.67
398,911,94,46.906266,17.058785,5.650724,93.57
399,973,99,46.844245,17.775563,3.534387,82.61
400,1035,105,46.777541,18.490539,2.276890,49.09
401,34,19,47.769345,6.896937,17.487366,29.48
402,98,19,47.774205,7.632288,15.109596,30.00
403,161,19,47.774205,8.367711,17.405188,28.81
404,225,19,47.769345,9.103062,17.202665,33.56
405,288,20,47.759628,9.838200,16.041998,36.09
406,352,21,47.745056,10.572983,11.138119,39.19
407,415,23,47.725632,11.307269,8.597981,38.99
408,478,25,47.701364,12.040918,7.031247,41.28
409,541,28,47.672259,12.773790,5.554354,47.15
410,605,31,47.638324,13.505744,6.035277,54.15
411,668,34,47.599571,14.236644,8.699770,76.88
412,731,38,47.556010,14.966352,7.316536,75.22
413,794,42,47.507655,15.694733,7.151180,84.84
414,856,47,47.454520,16.421652,6.588235,92.83
415,919,52,47.396620,17.146976,4.856820,91.29
416,981,57,47.333973,17.870576,3.491301,78.48
417,800,0,47.999249,15.770598,6.484725,84.90
418,863,4,47.945575,16.504566,5.865347,81.18
419,927,9,47.887088,17.236892,4.659718,84.57
420,990,15,47.823807,17.967443,3.094266,62.06
