vector_id,pixel_x,pixel_y,latitude,longitude,magnitude,alpha_deg
0,0,992,36.504607,6.500736,43.523693,-61.80
1,52,991,36.512337,7.100364,34.868202,-55.99
2,104,991,36.516202,7.700108,23.985119,-48.81
3,155,991,36.516202,8.299891,11.961061,-22.87
4,207,991,36.512337,8.899635,11.569059,-25.04
5,259,992,36.504607,9.499263,10.263237,-13.21
6,51,949,36.994759,7.093092,30.144621,-58.40
7,103,949,36.998662,7.697684,18.832441,-44.50
8,156,949,36.998662,8.302315,10.040749,-5.67
9,208,949,36.994759,8.906907,11.319658,19.81
10,260,950,36.986953,9.511380,9.112699,10.42
11,312,951,36.975246,10.115655,9.962201,4.94
12,364,952,36.959642,10.719655,8.198855,16.80
13,416,954,36.940143,11.323300,8.014357,-5.00
14,468,956,36.916755,11.926512,8.870568,20.87
15,520,958,36.889483,12.529213,9.282864,33.99
16,572,961,36.858333,13.131326,8.375016,15.96
17,624,964,36.823313,13.732773,9.854024,5.65
18,676,967,36.784431,14.333479,10.598110,16.20
19,728,971,36.741697,14.933367,11.417990,16.42
20,780,975,36.695120,15.532361,10.416709,13.92
21,831,980,36.644711,16.130388,10.263041,11.42
22,883,984,36.590482,16.727372,9.469368,20.65
23,934,989,36.532447,17.323242,9.618938,16.64
24,51,908,37.478018,7.085702,29.276855,-60.02
25,103,907,37.481960,7.695220,13.586151,-25.27
26,156,907,37.481960,8.304779,9.073339,-5.56
27,208,908,37.478018,8.914297,11.084576,35.75
28,261,908,37.470135,9.523694,11.105042,34.68
29,314,909,37.458313,10.132888,7.628144,13.69
30,366,911,37.442554,10.741800,8.085624,13.89
31,419,912,37.422863,11.350348,8.040413,5.65
32,471,914,37.399244,11.958453,6.515060,11.59
33,524,917,37.371703,12.566034,7.254378,24.84
34,576,919,37.340247,13.173013,11.609760,26.80
35,628,923,37.304882,13.779310,9.554230,-0.27
36,681,926,37.265618,14.384847,11.477551,9.39
37,733,930,37.222464,14.989545,9.787067,17.17
38,785,934,37.175430,15.593329,9.550455,5.69
39,837,938,37.124526,16.196122,9.024981,13.89
40,889,943,37.069766,16.797847,9.483642,3.27
41,941,948,37.011162,17.398431,10.658272,4.00
42,992,953,36.948729,17.997799,10.044056,7.49
43,50,866,37.962086,7.078190,27.671356,-62.11
44,103,865,37.966067,7.692716,10.005275,-22.68
45,156,865,37.966067,8.307283,6.870279,17.98
46,209,866,37.962087,8.921809,11.141963,51.04
47,262,866,37.954126,9.536210,10.414356,47.09
48,315,868,37.942187,10.150404,10.930751,39.17
49,368,869,37.926273,10.764308,7.584793,33.19
50,421,871,37.906387,11.377840,7.866077,21.36
51,474,873,37.882536,11.990917,6.858200,14.68
52,527,875,37.854723,12.603458,7.296041,28.44
53,580,878,37.822957,13.215381,10.220704,28.91
54,632,881,37.787244,13.826606,9.263295,13.81
55,685,884,37.747593,14.437052,9.493945,13.89
56,738,888,37.704015,15.046639,9.264923,21.43
57,790,892,37.656518,15.655289,9.565270,14.76
58,843,897,37.605115,16.262924,9.469337,6.85
59,895,901,37.549818,16.869465,9.188537,8.76
60,947,906,37.490640,17.474836,9.850705,-6.44
61,999,912,37.427595,18.078962,10.597834,9.69
62,49,824,38.446939,7.070554,27.238716,-65.78
63,103,824,38.450959,7.690170,8.587501,-31.88
64,156,824,38.450959,8.309829,6.783907,20.25
65,210,824,38.446939,8.929445,13.168626,59.92
66,263,825,38.438899,9.548934,11.564241,54.07
67,317,826,38.426842,10.168210,11.155961,45.89
68,370,827,38.410771,10.787189,9.434620,37.24
69,423,829,38.390689,11.405787,9.537423,28.39
70,477,831,38.366602,12.023918,7.716392,21.27
71,530,833,38.338515,12.641500,8.264114,27.31
72,583,836,38.306435,13.258449,9.366246,27.55
73,637,839,38.270370,13.874681,8.157703,24.70
74,690,843,38.230329,14.490116,9.644094,16.45
75,743,846,38.186321,15.104671,10.745638,17.86
76,796,851,38.138358,15.718265,9.912374,15.45
77,848,855,38.086450,16.330818,9.323674,12.15
78,901,860,38.030610,16.942252,9.555290,6.92
79,954,865,37.970852,17.552486,8.800840,-2.20
80,1006,871,37.907190,18.161445,10.169690,4.08
81,49,782,38.932547,7.062790,25.439322,-71.63
82,102,782,38.936607,7.687582,10.001823,-41.02
83,156,782,38.936607,8.312417,7.020471,16.82
84,210,782,38.932547,8.937209,14.519529,63.33
85,264,783,38.924428,9.561870,14.466646,57.22
86,318,784,38.912252,10.186313,14.015419,50.60
87,372,785,38.896022,10.810452,12.032155,39.76
88,426,787,38.875741,11.434199,11.683498,35.14
89,480,789,38.851416,12.057469,9.263171,25.08
90,533,791,38.823051,12.680175,9.168481,28.36
91,587,794,38.790655,13.302232,9.950638,25.96
92,641,797,38.754234,13.923555,8.451293,29.43
93,694,801,38.713798,14.544060,7.371407,10.77
94,748,805,38.669357,15.163663,7.786866,7.83
95,801,809,38.620921,15.782282,7.976268,13.76
96,854,813,38.568503,16.399834,9.835011,-2.75
97,908,818,38.512115,17.016237,11.308832,-0.68
98,961,824,38.451770,17.631413,10.860885,-3.93
99,1014,829,38.387484,18.245281,10.999923,-8.25
100,48,740,39.418884,7.054895,24.762833,-78.63
101,102,740,39.422985,7.684950,13.447291,-62.16
102,157,740,39.422985,8.315049,8.285373,19.74
103,211,740,39.418884,8.945104,14.162669,58.13
104,265,741,39.410685,9.575024,15.584744,46.98
105,320,742,39.398388,10.204721,15.856774,46.64
106,374,743,39.381997,10.834106,14.288624,46.20
107,428,745,39.361516,11.463089,12.047637,38.59
108,483,747,39.336950,12.091583,11.313695,26.28
109,537,750,39.308305,12.719499,9.984353,19.40
110,591,752,39.275588,13.346749,10.832622,21.77
111,645,756,39.238808,13.973247,10.315723,21.15
112,699,759,39.197973,14.598906,8.897491,11.27
113,753,763,39.153093,15.223640,8.121006,3.82
114,807,767,39.104181,15.847365,6.621012,-1.55
115,861,772,39.051246,16.469997,10.575464,-2.44
116,914,777,38.994304,17.091452,10.276659,-3.15
117,968,782,38.933366,17.711647,12.711888,-8.98
118,1021,788,38.868450,18.330503,13.243415,-12.19
119,47,698,39.905922,7.046866,23.151983,-81.95
120,102,698,39.910063,7.682273,9.633083,-58.74
121,157,698,39.910063,8.317726,4.784520,7.32
122,212,698,39.905922,8.953133,9.844210,38.41
123,267,699,39.897641,9.588402,12.644869,38.66
124,321,700,39.885223,10.223442,14.642890,41.97
125,376,701,39.868669,10.858161,15.749617,41.12
126,431,703,39.847985,11.492469,13.353999,34.13
127,486,705,39.823176,12.126275,11.189667,31.21
128,540,708,39.794247,12.759488,11.292231,22.31
129,595,711,39.761207,13.392019,11.206686,24.12
130,649,714,39.724063,14.023777,10.698812,21.92
131,704,717,39.682824,14.654676,10.453823,14.38
132,758,721,39.637502,15.284627,8.372606,0.31
133,812,725,39.588107,15.913542,9.116048,1.00
134,867,730,39.534651,16.541337,10.279954,0.88
135,921,735,39.477148,17.167925,13.032408,-3.27
136,975,740,39.415612,17.793222,13.657790,-13.18
137,1029,746,39.350057,18.417146,14.252961,-19.32
138,46,656,40.393632,7.038700,24.372850,-91.25
139,102,656,40.397814,7.679551,9.771704,-75.88
140,157,656,40.397814,8.320448,4.522192,-56.42
141,212,656,40.393632,8.961299,6.014581,-1.93
142,268,657,40.385269,9.602008,10.502293,37.29
143,323,658,40.372727,10.242483,13.027824,41.95
144,378,659,40.356009,10.882628,13.532929,35.23
145,433,661,40.335120,11.522352,13.155522,29.72
146,489,663,40.310065,12.161560,11.554748,26.82
147,544,666,40.280850,12.800160,10.629971,27.43
148,599,669,40.247482,13.438060,12.023394,27.13
149,654,672,40.209970,14.075169,9.443541,32.85
150,709,675,40.168324,14.711395,8.230556,21.39
151,764,679,40.122554,15.346649,8.041606,7.75
152,818,684,40.072671,15.980841,11.010607,5.89
153,873,688,40.018688,16.613884,12.560102,7.43
154,927,693,39.960618,17.245689,13.727907,-3.48
155,982,699,39.898477,17.876171,15.019298,-10.56
156,46,614,40.881986,7.030393,25.308966,-92.05
157,102,613,40.886209,7.676781,10.847610,-93.27
158,157,613,40.886209,8.323218,5.601040,-92.54
159,213,614,40.881986,8.969606,3.229186,-62.53
160,269,615,40.873539,9.615850,6.301943,31.28
161,325,616,40.860873,10.261853,10.764228,30.76
162,380,617,40.843989,10.907518,12.769382,23.10
163,436,619,40.822892,11.552749,13.547806,19.87
164,492,621,40.797588,12.197453,11.049966,20.31
165,547,624,40.768083,12.841532,9.541815,27.16
166,603,627,40.734384,13.484893,10.617080,32.24
167,658,630,40.696501,14.127442,10.287589,33.71
168,714,633,40.654442,14.769086,8.558563,22.32
169,769,637,40.608219,15.409732,11.329426,13.01
170,824,642,40.557843,16.049290,12.619526,5.75
171,879,646,40.503328,16.687668,12.538862,2.89
172,934,652,40.444685,17.324777,15.583703,-4.98
173,989,657,40.381932,17.960528,17.196087,-15.29
174,45,572,41.370953,7.021940,24.516935,-94.01
175,101,571,41.375219,7.673963,11.621379,-97.22
176,158,571,41.375219,8.326036,6.147429,-93.41
177,214,572,41.370953,8.978059,4.503873,-67.92
178,270,572,41.362423,9.629933,4.351309,-18.74
179,326,573,41.349630,10.281560,7.530714,12.81
180,383,575,41.332578,10.932840,10.167217,15.32
181,439,577,41.311272,11.583676,11.114983,16.63
182,495,579,41.285716,12.233969,9.865252,19.79
183,551,582,41.255918,12.883622,8.262272,49.15
184,607,584,41.221885,13.532538,9.622392,46.83
185,663,588,41.183626,14.180621,9.245981,36.02
186,719,591,41.141150,14.827775,9.767945,26.03
187,775,595,41.094469,15.473905,11.625540,16.35
188,830,600,41.043595,16.118918,13.075506,9.14
189,886,605,40.988540,16.762721,14.616779,0.97
190,941,610,40.929319,17.405222,16.916203,-11.62
191,997,615,40.865946,18.046331,18.872902,-19.55
192,44,529,41.860505,7.013339,22.711193,-95.48
193,101,529,41.864814,7.671096,12.667692,-109.58
194,158,529,41.864814,8.328903,8.243044,-96.55
195,215,529,41.860505,8.986660,7.350820,-79.12
196,271,530,41.851890,9.644264,3.693943,-38.52
197,328,531,41.838970,10.301613,5.490855,-6.60
198,385,533,41.821748,10.958608,6.789680,9.19
199,441,535,41.800229,11.615145,6.166451,35.58
200,498,537,41.774419,12.271126,8.651208,62.81
201,555,539,41.744325,12.926450,7.849164,49.64
202,611,542,41.709953,13.581017,8.144189,44.51
203,668,546,41.671314,14.234729,10.185493,28.16
204,724,549,41.628417,14.887487,11.201204,22.75
205,780,553,41.581273,15.539195,13.271268,10.19
206,836,558,41.529895,16.189756,15.633602,1.74
207,892,563,41.474295,16.839076,16.750746,-6.65
208,948,568,41.414489,17.487060,18.184723,-13.49
209,1004,573,41.350490,18.133615,19.440266,-24.19
210,44,487,42.350612,7.004586,19.940077,-93.62
211,101,487,42.354963,7.668177,12.141356,-112.26
212,158,487,42.354963,8.331821,9.964075,-121.39
213,215,487,42.350612,8.995413,9.071814,-121.46
214,273,488,42.341910,9.658848,4.742014,-145.85
215,330,489,42.328861,10.322022,4.345483,-143.71
216,387,490,42.311468,10.984832,1.271399,130.21
217,444,492,42.289734,11.647172,6.683422,102.63
218,501,495,42.263667,12.308940,3.176623,78.56
219,558,497,42.233272,12.970034,6.160992,52.31
220,615,500,42.198559,13.630351,9.059335,38.15
221,672,504,42.159535,14.289790,9.668182,21.21
222,729,507,42.116212,14.948250,11.783735,10.26
223,786,511,42.068600,15.605632,15.527499,4.76
224,843,516,42.016712,16.261837,15.857439,-5.71
225,899,521,41.960561,16.916767,16.843332,-14.11
226,955,526,41.900163,17.570326,18.697784,-20.78
227,1012,531,41.835532,18.222419,21.256887,-20.37
228,43,445,42.841242,6.995675,18.779192,-88.34
229,101,444,42.845637,7.665207,12.267829,-102.93
230,158,444,42.845637,8.334792,8.148970,-136.20
231,216,445,42.841242,9.004324,9.125215,-132.97
232,274,445,42.832453,9.673694,6.575764,-141.87
233,332,447,42.819274,10.342797,4.403450,-164.57
234,389,448,42.801707,11.011524,4.247145,164.58
235,447,450,42.779756,11.679771,3.805428,125.10
236,505,452,42.753429,12.347429,3.848619,56.39
237,562,455,42.722731,13.014395,5.404323,48.74
238,620,458,42.687671,13.680564,6.182980,32.44
239,677,461,42.648259,14.345830,10.963006,20.61
240,734,465,42.604504,15.010092,12.690154,2.96
241,792,469,42.556419,15.673246,13.307692,-10.25
242,849,474,42.504015,16.335192,16.356409,-13.89
243,906,479,42.447308,16.995829,19.433744,-16.73
244,963,484,42.386311,17.655059,21.999126,-17.12
245,1020,490,42.321041,18.312784,22.222101,-20.32
246,42,402,43.332365,6.986604,19.501326,-84.28
247,100,402,43.336804,7.662183,10.972969,-99.26
248,159,402,43.336804,8.337816,6.361266,-119.67
249,217,402,43.332365,9.013395,6.451219,-117.35
250,275,403,43.323489,9.688808,5.997522,-118.33
251,333,404,43.310177,10.363946,3.320978,-140.83
252,392,406,43.292434,11.038698,2.472074,-166.81
253,450,408,43.270264,11.712957,1.311873,-178.05
254,508,410,43.243673,12.386611,2.219767,53.46
255,566,413,43.212669,13.059554,4.803549,8.91
256,624,416,43.177259,13.731678,7.516068,2.07
257,682,419,43.137453,14.402875,11.153502,-3.01
258,740,423,43.093262,15.073041,14.542130,-10.63
259,798,427,43.044698,15.742069,16.965233,-13.14
260,855,432,42.991774,16.409856,19.198570,-10.15
261,913,437,42.934503,17.076299,20.268528,-12.21
262,970,442,42.872901,17.741297,21.013250,-19.77
263,1027,448,42.806984,18.404750,18.366531,-22.99
264,41,360,43.823949,6.977368,21.525785,-89.58
265,100,359,43.828433,7.659103,10.393175,-81.01
266,159,359,43.828433,8.340896,4.811003,-96.18
267,218,360,43.823949,9.022631,5.293808,-108.13
268,277,361,43.814984,9.704197,4.956187,-111.07
269,335,362,43.801539,10.385480,3.056183,-94.96
270,394,363,43.783618,11.066367,1.911416,-70.75
271,453,365,43.761226,11.746746,2.961409,22.41
272,512,368,43.734369,12.426505,6.458434,27.25
273,570,370,43.703054,13.105533,9.022717,18.82
274,629,373,43.667290,13.783719,11.489618,6.77
275,687,377,43.627087,14.460953,14.465120,-3.04
276,745,381,43.582455,15.137127,15.375369,-7.17
277,804,385,43.533406,15.812133,15.962308,-8.70
278,862,390,43.479955,16.485864,17.006285,-13.97
279,920,395,43.422114,17.158215,18.502520,-19.59
280,978,400,43.359900,17.829081,15.578103,-19.90
281,1036,406,43.293329,18.498361,13.731525,-15.53
282,40,317,44.315964,6.967961,25.446184,-93.22
283,100,317,44.320492,7.655967,12.971766,-79.86
284,159,317,44.320492,8.344032,6.025599,-68.78
285,219,317,44.315964,9.032038,4.093254,-52.02
286,278,318,44.306908,9.719869,5.361173,-60.11
287,337,319,44.293328,10.407410,5.030958,-61.51
288,397,321,44.275227,11.094544,4.710443,-31.80
289,456,323,44.252610,11.781156,6.075044,-8.32
290,515,325,44.225484,12.467130,7.983938,-0.32
291,574,328,44.193855,13.152353,10.549150,-7.99
292,633,331,44.157733,13.836711,13.167543,-11.36
293,692,335,44.117127,14.520091,14.236341,-12.08
294,751,338,44.072049,15.202381,14.046041,-15.27
295,810,343,44.022511,15.883472,15.318451,-19.44
296,869,347,43.968525,16.563252,14.462850,-20.84
297,927,352,43.910108,17.241614,13.139361,-15.85
298,986,358,43.847275,17.918452,12.307390,-15.41
299,40,275,44.808376,6.958380,28.783712,-93.01
300,99,275,44.812950,7.652773,20.178200,-81.28
301,159,275,44.812950,8.347226,8.123021,-58.81
302,219,275,44.808376,9.041619,7.380405,-43.70
303,279,276,44.799229,9.735832,7.459356,-39.88
304,339,277,44.785512,10.429747,9.368216,-50.63
305,399,278,44.767229,11.123243,8.913093,-40.59
306,459,280,44.744385,11.816203,8.964659,-20.01
307,519,283,44.716986,12.508507,9.958425,-14.97
308,578,286,44.685040,13.200039,11.800001,-20.48
309,638,289,44.648555,13.890682,13.244600,-17.85
310,697,292,44.607542,14.580319,14.173037,-16.56
311,757,296,44.562012,15.268837,14.513486,-19.43
312,816,300,44.511978,15.956120,13.958552,-19.65
313,875,305,44.457454,16.642058,12.816480,-14.58
314,934,310,44.398453,17.326539,12.101582,-9.12
315,993,316,44.334994,18.009453,14.457761,-14.09
316,39,232,45.301153,6.948619,29.054951,-88.09
317,99,232,45.305773,7.649519,23.613976,-84.08
318,160,232,45.305773,8.350480,13.131989,-56.44
319,220,232,45.301153,9.051380,8.745797,-41.33
320,281,233,45.291914,9.752095,9.623810,-33.76
321,341,234,45.278059,10.452502,10.909351,-39.87
322,402,236,45.259591,11.152480,10.359610,-40.46
323,462,238,45.236517,11.851905,11.551505,-31.43
324,522,240,45.208842,12.550657,12.532613,-29.08
325,582,243,45.176574,13.248614,14.344928,-25.53
326,643,246,45.139723,13.945657,14.312613,-27.10
327,703,250,45.098298,14.641667,13.638832,-25.58
328,763,254,45.052311,15.336525,12.681247,-23.71
329,823,258,45.001776,16.030115,12.734209,-21.51
330,882,263,44.946705,16.722322,12.903647,-14.27
331,942,268,44.887115,17.413031,14.234542,-16.67
332,1001,274,44.823022,18.102129,15.884785,-20.63
333,38,190,45.794262,6.938674,27.848265,-82.61
334,99,189,45.798929,7.646203,25.412704,-81.52
335,160,189,45.798929,8.353796,15.346618,-66.12
336,221,190,45.794262,9.061325,10.311172,-40.86
337,282,191,45.784930,9.768664,10.652800,-30.83
338,343,192,45.770934,10.475687,11.285274,-33.90
339,404,193,45.752281,11.182268,11.271975,-39.68
340,465,195,45.728973,11.888281,12.711173,-39.98
341,526,198,45.701019,12.593601,13.919285,-34.34
342,587,201,45.668426,13.298104,13.595067,-31.08
343,647,204,45.631204,14.001667,12.331764,-29.97
344,708,208,45.589362,14.704167,12.364594,-25.74
345,769,212,45.542913,15.405482,12.139529,-22.39
346,829,216,45.491870,16.105494,13.006895,-24.38
347,889,221,45.436247,16.804084,14.230677,-18.87
348,949,226,45.376060,17.501133,15.488297,-22.98
349,1010,232,45.311326,18.196527,17.643887,-25.85
350,37,147,46.287670,6.928539,27.227571,-77.90
351,99,147,46.292384,7.642824,28.689026,-81.02
352,160,147,46.292384,8.357175,20.024281,-69.62
353,222,147,46.287670,9.071460,11.787461,-35.44
354,284,148,46.278243,9.785550,12.470445,-28.88
355,345,149,46.264106,10.499315,12.881411,-33.01
356,407,151,46.245263,11.212625,14.243587,-36.44
357,468,153,46.221720,11.925350,14.466693,-42.00
358,530,155,46.193484,12.637363,13.380699,-37.49
359,591,158,46.160561,13.348535,12.857376,-35.01
360,652,161,46.122963,14.058739,11.378973,-29.98
361,714,165,46.080699,14.767850,12.658541,-29.93
362,775,169,46.033783,15.475744,12.932082,-19.57
363,836,174,45.982226,16.182296,14.167032,-22.96
364,897,178,45.926044,16.887385,14.580933,-24.69
365,957,184,45.865253,17.590891,16.092989,-26.57
366,1018,189,45.799870,18.292694,19.371267,-31.76
367,36,105,46.781342,6.918208,27.289227,-74.24
368,98,104,46.786104,7.639380,29.172657,-77.23
369,161,104,46.786104,8.360619,22.828245,-71.05
370,223,105,46.781342,9.081791,15.205523,-44.10
371,285,105,46.771820,9.802762,13.096204,-22.48
372,347,107,46.757540,10.523398,14.386338,-24.46
373,409,108,46.738506,11.243565,16.339233,-36.33
374,472,110,46.714724,11.963132,15.757277,-36.97
375,534,113,46.686201,12.681965,13.962684,-38.00
376,596,116,46.652946,13.399932,12.881652,-35.93
377,657,119,46.614967,14.116905,12.497048,-30.96
378,719,123,46.572277,14.832752,13.009579,-31.11
379,781,127,46.524886,15.547347,12.767085,-21.67
380,842,131,46.472810,16.260561,13.472518,-24.22
381,904,136,46.416062,16.972271,14.927960,-29.61
382,965,141,46.354660,17.682351,18.086924,-35.37
383,1026,147,46.288621,18.390681,22.820351,-38.60
384,35,62,47.275246,6.907676,26.097851,-68.88
385,98,62,47.280056,7.635869,30.368423,-74.99
386,161,62,47.280056,8.364130,27.438822,-70.45
387,224,62,47.275246,9.092323,16.166479,-43.14
388,287,63,47.265626,9.820308,13.864313,-27.00
389,349,64,47.251201,10.547949,15.088246,-24.28
390,412,66,47.231974,11.275108,16.143171,-32.36
391,475,68,47.207951,12.001647,15.197844,-39.89
392,537,70,47.179138,12.727432,14.341044,-41.24
393,600,73,47.145545,13.452326,12.137129,-37.43
394,663,77,47.107182,14.176196,11.761370,-35.68
395,725,80,47.064059,14.898907,11.378973,-29.98
396,787,84,47.016189,15.620330,11.761075,-26.05
397,849,89,46.963586,16.340332,13.571212,-27.85
398,911,94,46.906266,17.058785,16.697157,-33.09
399,973,99,46.844245,17.775563,21.068340,-40.38
400,1035,105,46.777541,18.490539,25.814529,-42.77
401,34,19,47.769345,6.896937,26.251713,-62.92
402,98,19,47.774205,7.632288,27.812527,-69.02
403,161,19,47.774205,8.367711,27.871597,-68.58
404,225,19,47.769345,9.103062,16.929501,-45.59
405,288,20,47.759628,9.838200,14.799398,-26.63
406,352,21,47.745056,10.572983,15.690477,-24.37
407,415,23,47.725632,11.307269,15.260326,-31.26
408,478,25,47.701364,12.040918,14.489404,-37.84
409,541,28,47.672259,12.773790,13.951329,-43.16
410,605,31,47.638324,13.505744,11.398237,-38.29
411,668,34,47.599571,14.236644,10.993392,-33.37
412,731,38,47.556010,14.966352,10.773997,-29.61
413,794,42,47.507655,15.694733,12.421630,-27.47
414,856,47,47.454520,16.421652,15.115394,-30.59
415,919,52,47.396620,17.146976,18.730877,-39.14
416,981,57,47.333973,17.870576,24.335329,-44.87
417,800,0,47.999249,15.770598,13.887710,-29.38
418,863,4,47.945575,16.504566,16.152880,-35.62
419,927,9,47.887088,17.236892,22.009747,-45.94
420,990,15,47.823807,17.967443,27.258165,-48.80
