vector_id,pixel_x,pixel_y,latitude,longitude,magnitude,alpha_deg
0,0,992,36.504607,6.500736,16.867300,-21.49
1,52,991,36.512337,7.100364,16.477720,-21.33
2,104,991,36.516202,7.700108,15.340603,-22.25
3,155,991,36.516202,8.299891,15.570135,-32.28
4,207,991,36.512337,8.899635,15.332518,-41.11
5,259,992,36.504607,9.499263,15.843230,-42.95
6,51,949,36.994759,7.093092,17.427616,-21.21
7,103,949,36.998662,7.697684,17.211229,-19.94
8,156,949,36.998662,8.302315,16.305063,-24.05
9,208,949,36.994759,8.906907,15.675550,-30.98
10,260,950,36.986953,9.511380,16.158417,-37.91
11,312,951,36.975246,10.115655,14.289437,-35.59
12,364,952,36.959642,10.719655,13.952271,-53.58
13,416,954,36.940143,11.323300,14.686447,-68.59
14,468,956,36.916755,11.926512,16.570185,-70.87
15,520,958,36.889483,12.529213,18.289478,-81.11
16,572,961,36.858333,13.131326,18.900953,-94.41
17,624,964,36.823313,13.732773,20.414917,-108.96
18,676,967,36.784431,14.333479,20.968885,-109.70
19,728,971,36.741697,14.933367,17.180956,-103.02
20,780,975,36.695120,15.532361,8.952740,-62.12
21,831,980,36.644711,16.130388,8.340898,-37.40
22,883,984,36.590482,16.727372,8.624449,-34.21
23,934,989,36.532447,17.323242,8.808515,-40.98
24,51,908,37.478018,7.085702,17.975172,-20.42
25,103,907,37.481960,7.695220,18.021341,-21.21
26,156,907,37.481960,8.304779,16.597198,-22.56
27,208,908,37.478018,8.914297,16.353281,-26.86
28,261,908,37.470135,9.523694,14.731989,-31.64
29,314,909,37.458313,10.132888,13.942924,-30.50
30,366,911,37.442554,10.741800,12.867553,-47.34
31,419,912,37.422863,11.350348,13.513638,-60.97
32,471,914,37.399244,11.958453,14.524884,-67.56
33,524,917,37.371703,12.566034,16.451242,-74.35
34,576,919,37.340247,13.173013,17.173166,-90.16
35,628,923,37.304882,13.779310,17.815422,-103.00
36,681,926,37.265618,14.384847,19.394745,-109.99
37,733,930,37.222464,14.989545,20.680590,-112.38
38,785,934,37.175430,15.593329,15.250451,-102.65
39,837,938,37.124526,16.196122,7.985562,-60.11
40,889,943,37.069766,16.797847,9.917322,-31.12
41,941,948,37.011162,17.398431,8.810134,-34.11
42,992,953,36.948729,17.997799,8.824745,-40.89
43,50,866,37.962086,7.078190,17.210932,-15.40
44,103,865,37.966067,7.692716,17.137117,-19.48
45,156,865,37.966067,8.307283,15.914420,-18.44
46,209,866,37.962087,8.921809,16.111681,-19.49
47,262,866,37.954126,9.536210,14.305177,-26.15
48,315,868,37.942187,10.150404,13.493715,-25.79
49,368,869,37.926273,10.764308,12.004694,-38.73
50,421,871,37.906387,11.377840,12.896966,-53.68
51,474,873,37.882536,11.990917,13.239773,-65.02
52,527,875,37.854723,12.603458,15.065282,-65.46
53,580,878,37.822957,13.215381,15.827584,-80.81
54,632,881,37.787244,13.826606,16.954231,-94.84
55,685,884,37.747593,14.437052,17.050579,-104.71
56,738,888,37.704015,15.046639,18.844645,-107.13
57,790,892,37.656518,15.655289,18.865778,-109.98
58,843,897,37.605115,16.262924,14.648221,-94.51
59,895,901,37.549818,16.869465,10.499065,-57.38
60,947,906,37.490640,17.474836,9.715541,-34.25
61,999,912,37.427595,18.078962,9.229464,-35.15
62,49,824,38.446939,7.070554,16.210135,-12.76
63,103,824,38.450959,7.690170,15.733782,-17.24
64,156,824,38.450959,8.309829,14.869657,-15.03
65,210,824,38.446939,8.929445,15.771909,-12.54
66,263,825,38.438899,9.548934,13.151742,-17.19
67,317,826,38.426842,10.168210,12.905230,-20.01
68,370,827,38.410771,10.787189,11.193135,-30.52
69,423,829,38.390689,11.405787,11.917752,-44.88
70,477,831,38.366602,12.023918,12.630191,-59.81
71,530,833,38.338515,12.641500,13.779697,-58.04
72,583,836,38.306435,13.258449,14.218348,-70.04
73,637,839,38.270370,13.874681,15.206434,-85.49
74,690,843,38.230329,14.490116,14.870682,-98.83
75,743,846,38.186321,15.104671,16.095478,-101.39
76,796,851,38.138358,15.718265,18.803675,-107.68
77,848,855,38.086450,16.330818,19.661152,-107.80
78,901,860,38.030610,16.942252,15.578965,-98.51
79,954,865,37.970852,17.552486,10.691152,-57.31
80,1006,871,37.907190,18.161445,10.666829,-29.11
81,49,782,38.932547,7.062790,15.446568,-11.40
82,102,782,38.936607,7.687582,14.591718,-14.07
83,156,782,38.936607,8.312417,14.343559,-12.29
84,210,782,38.932547,8.937209,15.445831,-7.09
85,264,783,38.924428,9.561870,12.812842,-11.79
86,318,784,38.912252,10.186313,11.933244,-14.52
87,372,785,38.896022,10.810452,10.563034,-23.79
88,426,787,38.875741,11.434199,10.576163,-35.75
89,480,789,38.851416,12.057469,11.651234,-50.07
90,533,791,38.823051,12.680175,12.865609,-54.33
91,587,794,38.790655,13.302232,12.573737,-58.32
92,641,797,38.754234,13.923555,13.700070,-74.12
93,694,801,38.713798,14.544060,13.859312,-89.44
94,748,805,38.669357,15.163663,13.994221,-97.00
95,801,809,38.620921,15.782282,16.166874,-99.76
96,854,813,38.568503,16.399834,17.430082,-101.51
97,908,818,38.512115,17.016237,18.543989,-102.55
98,961,824,38.451770,17.631413,13.619301,-92.05
99,1014,829,38.387484,18.245281,8.826226,-50.69
100,48,740,39.418884,7.054895,15.824462,-12.61
101,102,740,39.422985,7.684950,15.118568,-9.97
102,157,740,39.422985,8.315049,14.994459,-8.14
103,211,740,39.418884,8.945104,15.322601,-4.24
104,265,741,39.410685,9.575024,12.407774,-8.70
105,320,742,39.398388,10.204721,11.457591,-10.83
106,374,743,39.381997,10.834106,10.288117,-18.89
107,428,745,39.361516,11.463089,9.947406,-28.76
108,483,747,39.336950,12.091583,11.002623,-40.25
109,537,750,39.308305,12.719499,12.807665,-51.03
110,591,752,39.275588,13.346749,12.995076,-51.31
111,645,756,39.238808,13.973247,12.547278,-61.65
112,699,759,39.197973,14.598906,13.280241,-77.40
113,753,763,39.153093,15.223640,13.270915,-89.72
114,807,767,39.104181,15.847365,13.705771,-93.96
115,861,772,39.051246,16.469997,16.792717,-95.75
116,914,777,38.994304,17.091452,18.074541,-95.93
117,968,782,38.933366,17.711647,17.840281,-96.38
118,1021,788,38.868450,18.330503,12.460976,-84.50
119,47,698,39.905922,7.046866,16.453947,-11.35
120,102,698,39.910063,7.682273,15.814075,-7.04
121,157,698,39.910063,8.317726,15.086164,-3.95
122,212,698,39.905922,8.953133,14.805152,-3.67
123,267,699,39.897641,9.588402,11.982792,-4.68
124,321,700,39.885223,10.223442,11.228843,-8.18
125,376,701,39.868669,10.858161,11.135609,-11.00
126,431,703,39.847985,11.492469,9.956487,-24.74
127,486,705,39.823176,12.126275,10.889401,-36.17
128,540,708,39.794247,12.759488,12.201519,-45.60
129,595,711,39.761207,13.392019,13.876283,-47.16
130,649,714,39.724063,14.023777,12.171961,-54.39
131,704,717,39.682824,14.654676,12.508104,-64.16
132,758,721,39.637502,15.284627,12.380754,-79.84
133,812,725,39.588107,15.913542,12.812521,-88.16
134,867,730,39.534651,16.541337,14.138253,-90.38
135,921,735,39.477148,17.167925,16.706522,-93.41
136,975,740,39.415612,17.793222,17.482668,-93.48
137,1029,746,39.350057,18.417146,17.135275,-94.63
138,46,656,40.393632,7.038700,16.773638,-5.89
139,102,656,40.397814,7.679551,15.693042,-4.25
140,157,656,40.397814,8.320448,14.498554,-0.68
141,212,656,40.393632,8.961299,14.245951,-3.31
142,268,657,40.385269,9.602008,11.884063,2.30
143,323,658,40.372727,10.242483,10.946250,-3.01
144,378,659,40.356009,10.882628,12.532003,-6.61
145,433,661,40.335120,11.522352,10.435277,-20.06
146,489,663,40.310065,12.161560,10.949520,-28.29
147,544,666,40.280850,12.800160,11.574417,-37.89
148,599,669,40.247482,13.438060,13.347749,-43.47
149,654,672,40.209970,14.075169,12.676624,-48.92
150,709,675,40.168324,14.711395,12.073337,-53.79
151,764,679,40.122554,15.346649,12.134108,-60.96
152,818,684,40.072671,15.980841,12.384711,-75.70
153,873,688,40.018688,16.613884,12.975894,-85.23
154,927,693,39.960618,17.245689,14.883078,-88.86
155,982,699,39.898477,17.876171,16.616859,-90.96
156,46,614,40.881986,7.030393,17.469038,0.55
157,102,613,40.886209,7.676781,16.638334,-0.27
158,157,613,40.886209,8.323218,15.175093,2.04
159,213,614,40.881986,8.969606,14.822153,-1.02
160,269,615,40.873539,9.615850,12.790798,8.27
161,325,616,40.860873,10.261853,10.029146,3.61
162,380,617,40.843989,10.907518,13.638499,-9.22
163,436,619,40.822892,11.552749,11.219226,-18.27
164,492,621,40.797588,12.197453,10.722725,-26.51
165,547,624,40.768083,12.841532,11.478372,-33.50
166,603,627,40.734384,13.484893,12.814607,-41.20
167,658,630,40.696501,14.127442,12.937202,-44.64
168,714,633,40.654442,14.769086,12.147244,-47.15
169,769,637,40.608219,15.409732,12.667298,-51.60
170,824,642,40.557843,16.049290,12.696696,-59.02
171,879,646,40.503328,16.687668,12.881335,-72.43
172,934,652,40.444685,17.324777,13.711118,-76.52
173,989,657,40.381932,17.960528,15.650118,-82.91
174,45,572,41.370953,7.021940,19.184029,6.62
175,101,571,41.375219,7.673963,17.692804,2.55
176,158,571,41.375219,8.326036,15.992729,5.26
177,214,572,41.370953,8.978059,15.420969,4.54
178,270,572,41.362423,9.629933,14.273555,9.92
179,326,573,41.349630,10.281560,11.662427,20.09
180,383,575,41.332578,10.932840,12.887355,-0.77
181,439,577,41.311272,11.583676,12.156733,-14.69
182,495,579,41.285716,12.233969,11.018300,-26.11
183,551,582,41.255918,12.883622,11.667464,-29.33
184,607,584,41.221885,13.532538,12.720061,-37.59
185,663,588,41.183626,14.180621,12.944592,-40.15
186,719,591,41.141150,14.827775,12.513314,-39.60
187,775,595,41.094469,15.473905,12.572234,-42.93
188,830,600,41.043595,16.118918,13.480283,-49.81
189,886,605,40.988540,16.762721,12.691650,-59.62
190,941,610,40.929319,17.405222,13.328389,-69.28
191,997,615,40.865946,18.046331,15.262688,-71.55
192,44,529,41.860505,7.013339,19.771278,12.43
193,101,529,41.864814,7.671096,18.714819,7.65
194,158,529,41.864814,8.328903,17.199945,9.99
195,215,529,41.860505,8.986660,16.560614,8.32
196,271,530,41.851890,9.644264,15.077092,10.10
197,328,531,41.838970,10.301613,12.973829,13.59
198,385,533,41.821748,10.958608,11.865093,8.47
199,441,535,41.800229,11.615145,12.631038,-8.40
200,498,537,41.774419,12.271126,12.780280,-16.69
201,555,539,41.744325,12.926450,12.067623,-23.21
202,611,542,41.709953,13.581017,12.385949,-28.94
203,668,546,41.671314,14.234729,12.790941,-36.82
204,724,549,41.628417,14.887487,13.702963,-38.36
205,780,553,41.581273,15.539195,13.720434,-38.13
206,836,558,41.529895,16.189756,14.706658,-42.13
207,892,563,41.474295,16.839076,13.843589,-50.21
208,948,568,41.414489,17.487060,14.160203,-57.02
209,1004,573,41.350490,18.133615,14.989958,-66.10
210,44,487,42.350612,7.004586,20.508249,17.25
211,101,487,42.354963,7.668177,19.466970,13.94
212,158,487,42.354963,8.331821,18.090406,13.91
213,215,487,42.350612,8.995413,17.299265,11.71
214,273,488,42.341910,9.658848,14.545393,13.72
215,330,489,42.328861,10.322022,11.380392,13.92
216,387,490,42.311468,10.984832,11.515728,6.70
217,444,492,42.289734,11.647172,13.104528,-2.38
218,501,495,42.263667,12.308940,14.665914,-8.69
219,558,497,42.233272,12.970034,13.722499,-16.06
220,615,500,42.198559,13.630351,12.576046,-24.06
221,672,504,42.159535,14.289790,13.446186,-29.01
222,729,507,42.116212,14.948250,13.975913,-35.41
223,786,511,42.068600,15.605632,15.203196,-34.57
224,843,516,42.016712,16.261837,15.972249,-37.58
225,899,521,41.960561,16.916767,16.200741,-44.17
226,955,526,41.900163,17.570326,15.563305,-49.75
227,1012,531,41.835532,18.222419,14.700162,-54.94
228,43,445,42.841242,6.995675,21.535868,21.11
229,101,444,42.845637,7.665207,20.232330,19.25
230,158,444,42.845637,8.334792,19.574488,19.25
231,216,445,42.841242,9.004324,17.804396,18.18
232,274,445,42.832453,9.673694,16.034197,19.69
233,332,447,42.819274,10.342797,12.136812,26.26
234,389,448,42.801707,11.011524,14.395468,6.10
235,447,450,42.779756,11.679771,14.966707,3.73
236,505,452,42.753429,12.347429,15.640562,-5.06
237,562,455,42.722731,13.014395,14.462469,-9.94
238,620,458,42.687671,13.680564,13.413179,-19.92
239,677,461,42.648259,14.345830,13.382272,-22.81
240,734,465,42.604504,15.010092,13.733692,-32.39
241,792,469,42.556419,15.673246,15.094666,-33.01
242,849,474,42.504015,16.335192,16.435282,-35.42
243,906,479,42.447308,16.995829,17.716923,-38.68
244,963,484,42.386311,17.655059,16.109673,-43.12
245,1020,490,42.321041,18.312784,15.544636,-46.74
246,42,402,43.332365,6.986604,22.904980,25.41
247,100,402,43.336804,7.662183,21.608908,24.41
248,159,402,43.336804,8.337816,20.859333,22.56
249,217,402,43.332365,9.013395,18.375610,23.90
250,275,403,43.323489,9.688808,17.217995,22.34
251,333,404,43.310177,10.363946,15.904694,24.67
252,392,406,43.292434,11.038698,16.518175,14.15
253,450,408,43.270264,11.712957,16.151987,5.99
254,508,410,43.243673,12.386611,15.839058,-1.52
255,566,413,43.212669,13.059554,14.705512,-7.21
256,624,416,43.177259,13.731678,13.480642,-15.66
257,682,419,43.137453,14.402875,13.861685,-22.12
258,740,423,43.093262,15.073041,13.973441,-29.40
259,798,427,43.044698,15.742069,14.880397,-32.55
260,855,432,42.991774,16.409856,15.489593,-33.70
261,913,437,42.934503,17.076299,17.613518,-36.53
262,970,442,42.872901,17.741297,17.004719,-41.32
263,1027,448,42.806984,18.404750,16.816528,-41.18
264,41,360,43.823949,6.977368,24.817892,27.44
265,100,359,43.828433,7.659103,22.789747,25.20
266,159,359,43.828433,8.340896,22.236704,26.32
267,218,360,43.823949,9.022631,19.409321,27.81
268,277,361,43.814984,9.704197,18.030602,22.67
269,335,362,43.801539,10.385480,17.876484,18.42
270,394,363,43.783618,11.066367,18.569162,13.05
271,453,365,43.761226,11.746746,18.158062,7.10
272,512,368,43.734369,12.426505,17.247211,1.90
273,570,370,43.703054,13.105533,15.930008,-6.31
274,629,373,43.667290,13.783719,15.513772,-12.16
275,687,377,43.627087,14.460953,13.511931,-21.59
276,745,381,43.582455,15.137127,13.724306,-27.92
277,804,385,43.533406,15.812133,14.441472,-35.01
278,862,390,43.479955,16.485864,16.705400,-32.97
279,920,395,43.422114,17.158215,18.336319,-35.46
280,978,400,43.359900,17.829081,18.103762,-40.74
281,1036,406,43.293329,18.498361,18.583004,-34.81
282,40,317,44.315964,6.967961,24.579140,26.60
283,100,317,44.320492,7.655967,25.399618,29.14
284,159,317,44.320492,8.344032,23.682581,27.35
285,219,317,44.315964,9.032038,22.537222,28.33
286,278,318,44.306908,9.719869,19.088120,24.79
287,337,319,44.293328,10.407410,18.557625,17.52
288,397,321,44.275227,11.094544,19.650717,11.40
289,456,323,44.252610,11.781156,19.723087,3.91
290,515,325,44.225484,12.467130,19.227699,1.98
291,574,328,44.193855,13.152353,18.420572,-1.79
292,633,331,44.157733,13.836711,16.865993,-8.40
293,692,335,44.117127,14.520091,14.584657,-14.71
294,751,338,44.072049,15.202381,14.568269,-25.37
295,810,343,44.022511,15.883472,15.967536,-30.48
296,869,347,43.968525,16.563252,17.728006,-29.12
297,927,352,43.910108,17.241614,18.905514,-36.66
298,986,358,43.847275,17.918452,19.669004,-31.47
299,40,275,44.808376,6.958380,26.287827,32.44
300,99,275,44.812950,7.652773,25.879395,33.10
301,159,275,44.812950,8.347226,24.815294,29.98
302,219,275,44.808376,9.041619,23.916601,27.48
303,279,276,44.799229,9.735832,20.778852,24.89
304,339,277,44.785512,10.429747,19.839844,20.60
305,399,278,44.767229,11.123243,20.526949,12.14
306,459,280,44.744385,11.816203,20.344706,4.75
307,519,283,44.716986,12.508507,21.005428,3.50
308,578,286,44.685040,13.200039,20.295513,-2.58
309,638,289,44.648555,13.890682,18.339865,-4.90
310,697,292,44.607542,14.580319,15.309508,-6.46
311,757,296,44.562012,15.268837,16.130592,-18.42
312,816,300,44.511978,15.956120,17.201448,-28.32
313,875,305,44.457454,16.642058,18.528433,-30.60
314,934,310,44.398453,17.326539,19.738897,-30.50
315,993,316,44.334994,18.009453,20.535215,-33.04
316,39,232,45.301153,6.948619,27.600197,33.84
317,99,232,45.305773,7.649519,26.318005,34.09
318,160,232,45.305773,8.350480,25.174345,31.47
319,220,232,45.301153,9.051380,24.694149,27.35
320,281,233,45.291914,9.752095,22.210363,24.23
321,341,234,45.278059,10.452502,20.325703,20.73
322,402,236,45.259591,11.152480,19.887135,14.92
323,462,238,45.236517,11.851905,19.175341,6.99
324,522,240,45.208842,12.550657,20.500776,2.46
325,582,243,45.176574,13.248614,20.997595,-1.57
326,643,246,45.139723,13.945657,18.727175,-2.42
327,703,250,45.098298,14.641667,16.807159,-1.64
328,763,254,45.052311,15.336525,17.374107,-16.74
329,823,258,45.001776,16.030115,17.711733,-22.90
330,882,263,44.946705,16.722322,18.755245,-28.24
331,942,268,44.887115,17.413031,20.877188,-26.19
332,1001,274,44.823022,18.102129,21.894850,-26.96
333,38,190,45.794262,6.938674,29.222088,35.01
334,99,189,45.798929,7.646203,27.669436,32.68
335,160,189,45.798929,8.353796,25.656759,30.65
336,221,190,45.794262,9.061325,24.779636,26.21
337,282,191,45.784930,9.768664,23.429850,18.92
338,343,192,45.770934,10.475687,21.038139,20.54
339,404,193,45.752281,11.182268,20.399065,15.54
340,465,195,45.728973,11.888281,20.316765,8.98
341,526,198,45.701019,12.593601,19.659565,1.39
342,587,201,45.668426,13.298104,20.206738,-2.77
343,647,204,45.631204,14.001667,18.157988,0.34
344,708,208,45.589362,14.704167,17.584473,1.05
345,769,212,45.542913,15.405482,18.391893,-8.18
346,829,216,45.491870,16.105494,19.625668,-14.40
347,889,221,45.436247,16.804084,18.733219,-19.56
348,949,226,45.376060,17.501133,20.298489,-23.80
349,1010,232,45.311326,18.196527,21.657814,-28.76
350,37,147,46.287670,6.928539,32.506283,33.63
351,99,147,46.292384,7.642824,30.507954,34.46
352,160,147,46.292384,8.357175,26.917868,31.05
353,222,147,46.287670,9.071460,26.552334,28.59
354,284,148,46.278243,9.785550,23.567654,19.21
355,345,149,46.264106,10.499315,25.245329,17.00
356,407,151,46.245263,11.212625,22.589502,10.54
357,468,153,46.221720,11.925350,22.094522,5.26
358,530,155,46.193484,12.637363,21.288685,-0.21
359,591,158,46.160561,13.348535,20.202021,-5.33
360,652,161,46.122963,14.058739,19.691689,3.56
361,714,165,46.080699,14.767850,20.860348,4.21
362,775,169,46.033783,15.475744,22.028738,-4.64
363,836,174,45.982226,16.182296,21.661816,-13.02
364,897,178,45.926044,16.887385,22.321079,-16.90
365,957,184,45.865253,17.590891,22.812250,-23.06
366,1018,189,45.799870,18.292694,23.738941,-30.37
367,36,105,46.781342,6.918208,33.419483,32.03
368,98,104,46.786104,7.639380,32.426750,33.20
369,161,104,46.786104,8.360619,31.970480,30.65
370,223,105,46.781342,9.081791,30.582758,29.64
371,285,105,46.771820,9.802762,26.553144,22.23
372,347,107,46.757540,10.523398,26.968529,14.39
373,409,108,46.738506,11.243565,26.486477,8.57
374,472,110,46.714724,11.963132,24.825321,5.32
375,534,113,46.686201,12.681965,24.151150,1.57
376,596,116,46.652946,13.399932,22.680153,-1.76
377,657,119,46.614967,14.116905,21.960676,-2.87
378,719,123,46.572277,14.832752,22.567917,2.00
379,781,127,46.524886,15.547347,24.604042,-6.11
380,842,131,46.472810,16.260561,23.244505,-11.42
381,904,136,46.416062,16.972271,23.234060,-16.30
382,965,141,46.354660,17.682351,23.877954,-23.43
383,1026,147,46.288621,18.390681,25.037088,-27.84
384,35,62,47.275246,6.907676,31.363073,30.26
385,98,62,47.280056,7.635869,33.898182,30.43
386,161,62,47.280056,8.364130,33.908607,26.55
387,224,62,47.275246,9.092323,31.911861,24.87
388,287,63,47.265626,9.820308,30.127922,21.62
389,349,64,47.251201,10.547949,28.715763,15.73
390,412,66,47.231974,11.275108,28.846558,11.54
391,475,68,47.207951,12.001647,28.134792,6.35
392,537,70,47.179138,12.727432,27.497381,3.12
393,600,73,47.145545,13.452326,26.329935,-0.31
394,663,77,47.107182,14.176196,25.285410,-1.94
395,725,80,47.064059,14.898907,24.728369,-2.99
396,787,84,47.016189,15.620330,25.026131,-7.93
397,849,89,46.963586,16.340332,24.260342,-10.34
398,911,94,46.906266,17.058785,24.881714,-16.23
399,973,99,46.844245,17.775563,25.373142,-21.74
400,1035,105,46.777541,18.490539,26.287077,-26.41
401,34,19,47.769345,6.896937,27.621578,25.53
402,98,19,47.774205,7.632288,32.888222,27.80
403,161,19,47.774205,8.367711,35.463642,28.67
404,225,19,47.769345,9.103062,33.469269,24.34
405,288,20,47.759628,9.838200,32.132084,21.39
406,352,21,47.745056,10.572983,31.511854,17.05
407,415,23,47.725632,11.307269,30.537983,14.77
408,478,25,47.701364,12.040918,29.868582,9.75
409,541,28,47.672259,12.773790,30.204105,3.43
410,605,31,47.638324,13.505744,28.499025,2.58
411,668,34,47.599571,14.236644,25.985910,-0.72
412,731,38,47.556010,14.966352,26.710617,-3.03
413,794,42,47.507655,15.694733,26.785570,-7.08
414,856,47,47.454520,16.421652,26.154713,-10.34
415,919,52,47.396620,17.146976,27.047649,-16.12
416,981,57,47.333973,17.870576,27.566362,-20.21
417,800,0,47.999249,15.770598,27.554621,-5.84
418,863,4,47.945575,16.504566,27.557384,-9.48
419,927,9,47.887088,17.236892,28.550934,-14.87
420,990,15,47.823807,17.967443,29.131577,-18.12
