vector_id,pixel_x,pixel_y,latitude,longitude,magnitude,alpha_deg
0,73,2326,44.521181,11.108828,34.207661,35.48
1,303,2333,44.510383,11.453787,33.827347,36.90
2,82,2161,44.767229,11.123243,33.270012,33.65
3,314,2169,44.756377,11.469798,34.185398,35.51
4,546,2177,44.744385,11.816203,34.720436,37.03
5,777,2185,44.731254,12.162444,33.402817,37.76
6,1009,2195,44.716986,12.508507,31.027344,36.85
7,1240,2205,44.701581,12.854377,29.621824,38.70
8,1471,2216,44.685040,13.200039,28.901939,39.71
9,1702,2228,44.667364,13.545479,27.998856,36.34
10,1933,2241,44.648555,13.890682,27.313496,32.61
11,2164,2254,44.628614,14.235633,26.709509,30.64
12,2395,2268,44.607542,14.580319,25.141531,27.83
13,2625,2283,44.585341,14.924725,24.413481,25.15
14,92,1997,45.013367,11.137794,32.232697,32.58
15,325,2004,45.002461,11.485958,33.294991,33.80
16,558,2012,44.990408,11.833971,34.890911,37.10
17,790,2021,44.977212,12.181818,34.983681,38.94
18,1023,2030,44.962872,12.529484,32.618816,38.51
19,1255,2041,44.947389,12.876954,32.009914,37.82
20,1488,2052,44.930765,13.224214,30.828995,37.59
21,1720,2064,44.913001,13.571248,29.852022,35.62
22,1952,2076,44.894098,13.918042,28.636002,32.67
23,2183,2090,44.874057,14.264581,28.105400,30.30
24,2415,2104,44.852880,14.610851,26.642910,27.78
25,2646,2119,44.830567,14.956837,23.285873,26.93
26,102,1832,45.259591,11.152480,29.406759,32.69
27,336,1839,45.248630,11.502269,31.559101,34.67
28,570,1847,45.236517,11.851905,33.899780,36.69
29,803,1856,45.223254,12.201373,36.058071,37.86
30,1037,1866,45.208842,12.550657,35.125599,37.75
31,1271,1876,45.193282,12.899742,33.883450,36.65
32,1504,1888,45.176574,13.248614,32.939980,35.36
33,1737,1899,45.158721,13.597258,32.060909,34.79
34,1970,1912,45.139723,13.945657,30.827295,32.75
35,2203,1926,45.119581,14.293799,29.413193,30.93
36,2436,1940,45.098298,14.641667,27.574024,28.70
37,2668,1955,45.075874,14.989247,23.346634,27.09
38,112,1667,45.505897,11.167304,27.135948,31.15
39,347,1675,45.494880,11.518734,29.340532,33.63
40,582,1683,45.482707,11.870008,32.114456,35.35
41,817,1692,45.469377,12.221111,35.288605,36.22
42,1051,1701,45.454893,12.572028,36.763790,35.03
43,1286,1712,45.439254,12.922744,35.562351,34.22
44,1520,1723,45.422463,13.273243,34.163876,33.80
45,1755,1735,45.404520,13.623511,33.468376,33.84
46,1989,1748,45.385426,13.973531,32.854286,33.07
47,2223,1761,45.365184,14.323289,31.289909,31.41
48,2456,1776,45.343794,14.672771,27.391195,30.62
49,122,1502,45.752281,11.182268,25.095457,28.92
50,358,1510,45.741208,11.535353,27.638737,32.11
51,594,1518,45.728973,11.888281,30.074585,33.81
52,830,1527,45.715577,12.241036,32.431999,34.16
53,1066,1537,45.701019,12.593601,35.051693,33.61
54,1301,1547,45.685302,12.945963,36.251682,31.51
55,1537,1559,45.668426,13.298104,35.630386,30.52
56,1772,1571,45.650393,13.650011,34.229599,30.69
57,2008,1583,45.631204,14.001667,32.987484,29.97
58,2243,1597,45.610859,14.353057,31.221052,28.54
59,2477,1611,45.589362,14.704167,31.133270,28.04
60,132,1338,45.998737,11.197374,24.657660,30.40
61,369,1345,45.987609,11.552131,24.629049,30.28
62,606,1353,45.975313,11.906728,27.365740,31.84
63,843,1362,45.961848,12.261149,30.595659,33.10
64,1080,1372,45.947218,12.615378,31.844946,32.30
65,1317,1383,45.931421,12.969401,33.299976,30.62
66,1554,1394,45.914461,13.323200,34.632408,29.00
67,1790,1406,45.896337,13.676761,34.956024,28.87
68,2027,1419,45.877051,14.030068,32.515671,25.91
69,2263,1433,45.856604,14.383106,31.919325,25.47
70,2499,1447,45.834999,14.735858,32.077469,25.39
71,142,1173,46.245263,11.212625,23.686087,29.71
72,381,1180,46.234079,11.569068,23.622360,31.23
73,619,1189,46.221720,11.925350,25.274994,31.44
74,857,1198,46.208188,12.281453,28.189816,32.77
75,1095,1207,46.193484,12.637363,28.221024,31.64
76,1333,1218,46.177608,12.993062,30.596132,30.53
77,1571,1229,46.160561,13.348535,30.860832,29.39
78,1808,1242,46.142346,13.703766,31.879416,29.00
79,2046,1255,46.122963,14.058739,30.458965,27.14
80,2283,1268,46.102414,14.413439,30.481493,25.87
81,2520,1283,46.080699,14.767850,31.338339,24.83
82,153,1008,46.491854,11.228021,23.195040,27.36
83,392,1015,46.480614,11.586168,22.741392,30.16
84,631,1024,46.468192,11.944151,23.266504,31.44
85,871,1033,46.454592,12.301952,22.931063,32.12
86,1110,1043,46.439813,12.659557,24.615656,31.92
87,1349,1053,46.423857,13.016949,27.368109,31.41
88,1588,1065,46.406725,13.374111,27.420059,31.69
89,1827,1077,46.388418,13.731028,28.369459,30.98
90,2065,1090,46.368937,14.087683,29.962458,29.67
91,2303,1104,46.348284,14.444062,28.336641,27.67
92,2542,1118,46.326460,14.800147,31.197687,27.09
93,163,843,46.738506,11.243565,22.320623,29.95
94,404,850,46.727208,11.603432,23.194731,28.07
95,644,859,46.714724,11.963132,22.106915,29.25
96,885,868,46.701055,12.322648,21.685322,32.06
97,1125,878,46.686201,12.681965,22.206240,31.74
98,1365,889,46.670165,13.041065,23.251730,31.13
99,1605,900,46.652946,13.399932,23.375841,30.22
100,1845,912,46.634546,13.758551,25.704105,30.71
101,2085,926,46.614967,14.116905,26.304838,31.09
102,2324,939,46.594210,14.474977,27.124901,29.77
103,2563,954,46.572277,14.832752,28.587505,26.77
104,173,678,46.985214,11.259260,21.797993,31.88
105,415,685,46.973859,11.620863,21.838440,30.41
106,657,694,46.961312,11.982297,21.847662,28.01
107,899,703,46.947573,12.343544,21.205210,27.99
108,1140,713,46.932645,12.704589,20.331421,29.57
109,1381,724,46.916527,13.065414,21.801279,28.67
110,1623,735,46.899221,13.426003,21.245237,26.29
111,1864,748,46.880728,13.786340,23.229939,26.21
112,2104,761,46.861050,14.146408,24.505754,26.75
113,2345,775,46.840188,14.506190,26.122240,25.94
114,2585,790,46.818144,14.865671,27.963034,24.63
115,184,513,47.231974,11.275108,23.480959,34.08
116,427,520,47.220561,11.638463,21.711811,35.72
117,670,529,47.207951,12.001647,20.604702,32.17
118,913,538,47.194142,12.364642,20.036592,28.38
119,1155,548,47.179138,12.727432,20.343523,28.55
120,1398,559,47.162939,13.089999,21.380039,28.25
121,1640,571,47.145545,13.452326,21.331089,27.55
122,1882,583,47.126959,13.814397,21.704620,24.37
123,2124,596,47.107182,14.176196,22.485987,23.63
124,2366,610,47.086214,14.537705,23.279348,23.16
125,2608,625,47.064059,14.898907,24.354113,21.15
126,195,348,47.478782,11.291110,24.977612,33.33
127,439,355,47.467311,11.656236,22.374306,33.80
128,683,364,47.454636,12.021187,20.655611,35.20
129,927,373,47.440758,12.385947,19.972620,33.03
130,1171,383,47.425678,12.750498,21.250416,30.28
131,1414,394,47.409396,13.114823,21.589102,28.98
132,1658,406,47.391914,13.478905,22.167105,28.82
133,1901,418,47.373234,13.842728,21.170738,26.05
134,2144,432,47.353357,14.206273,20.951838,24.45
135,2387,446,47.332283,14.569525,21.540947,22.67
136,2630,461,47.310015,14.932466,23.232668,21.31
137,206,183,47.725632,11.307269,25.120029,30.98
138,451,190,47.714104,11.674182,24.047722,30.31
139,696,199,47.701364,12.040918,22.810667,30.06
140,941,208,47.687416,12.407460,22.248434,30.99
141,1186,218,47.672259,12.773790,22.175968,29.57
142,1431,229,47.655895,13.139890,22.258163,28.53
143,1676,241,47.638324,13.505744,21.453894,26.78
144,1920,254,47.619549,13.871335,21.245781,23.92
145,2165,267,47.599571,14.236644,20.101328,20.03
146,2409,281,47.578391,14.601656,21.364082,20.90
147,2653,296,47.556010,14.966352,21.100012,21.67
148,216,18,47.972522,11.323588,23.941660,29.75
149,463,25,47.960935,11.692305,24.024017,28.78
150,709,34,47.948131,12.060844,23.683718,28.77
151,956,43,47.934111,12.429185,22.916868,29.17
152,1202,53,47.918877,12.797311,23.080412,28.38
153,1448,64,47.902430,13.165204,23.168106,25.75
154,1694,76,47.884770,13.532847,23.325552,24.41
155,1940,89,47.865900,13.900223,22.224825,22.41
156,2185,102,47.845820,14.267314,20.943790,19.27
157,2430,117,47.824533,14.634102,19.814394,19.54
